1468.8
1429.7
1257.8
1382.8
1421.9
1359.4
1445.3
1343.8
1351.6
1554.7
1343.8
1453.1
1500.0
1375.0
1328.1
1500.0
1421.9
1437.5
1476.6
1359.4
1468.8
1406.2
1281.2
1492.2
1414.1
1312.5
1445.3
1343.8
1304.7
1484.4
1406.2
1343.8
1468.8
1375.0
1343.8
1437.5
1351.6
1421.9
1531.2
1257.8
1375.0
1351.6
1312.5
1382.8
1250.0
1367.2
1320.3
1179.7
1484.4
1468.8
1351.6
1507.8
1414.1
1304.7
1500.0
1398.4
1343.8
1554.7
1375.0
1429.7
1515.6
1390.6
1593.8
1492.2
1500.0
1492.2
1343.8
1421.9
1476.6
1312.5
1398.4
1492.2
1328.1
1468.8
1398.4
1304.7
1367.2
1226.6
1554.7
1546.9
1468.8
1656.2
1437.5
1382.8
1484.4
1289.1
1375.0
1437.5
1273.4
1484.4
1367.2
1351.6
1500.0
1414.1
1257.8
1523.4
1414.1
1421.9
1515.6
1375.0
1460.9
1437.5
1265.6
1390.6
1312.5
1382.8
1500.0
1335.9
1398.4
1304.7
1281.2
1484.4
1390.6
1429.7
1437.5
1320.3
1437.5
1398.4
1351.6
1523.4
1421.9
1468.8
1476.6
1414.1
1554.7
1445.3
1460.9
1492.2
1375.0
1437.5
1500.0
1390.6
1515.6
1460.9
1289.1
1492.2
1445.3
1367.2
1531.2
1421.9
1445.3
1500.0
1351.6
1531.2
1437.5
1414.1
1484.4
1367.2
1429.7
1453.1
1312.5
1375.0
1460.9
1398.4
1367.2
1546.9
1421.9
1312.5
1562.5
1304.7
1351.6
1437.5
1375.0
1585.9
1414.1
1523.4
1507.8
1414.1
1515.6
1421.9
1390.6
1507.8
1289.1
1445.3
1539.1
1421.9
1406.2
1507.8
1421.9
1453.1
1585.9
1390.6
1500.0
1468.8
1414.1
1523.4
1445.3
1421.9
1476.6
1320.3
1421.9
1476.6
1382.8
1492.2
1382.8
1367.2
1453.1
1343.8
1359.4
1523.4
1351.6
671.9
1617.2
1414.1
1500.0
1492.2
1195.3
1156.2
1257.8
1500.0
1593.8
1351.6
1570.3
1484.4
1437.5
1625.0
1390.6
1492.2
1460.9
1539.1
1515.6
1453.1
1546.9
1390.6
1484.4
1484.4
1414.1
1492.2
1460.9
1468.8
1515.6
1406.2
1421.9
1492.2
1460.9
1570.3
1437.5
1382.8
1500.0
1406.2
1421.9
1523.4
1414.1
1562.5
1429.7
1375.0
1500.0
1304.7
1273.4
1367.2
1148.4
1390.6
1320.3
1273.4
1375.0
1273.4
1375.0
1406.2
1304.7
1343.8
1335.9
1398.4
1453.1
1453.1
1359.4
1468.8
1398.4
1460.9
1562.5
1421.9
1500.0
1585.9
1359.4
1445.3
1429.7
1414.1
1585.9
1359.4
1375.0
1617.2
1476.6
1546.9
1554.7
1531.2
1476.6
1437.5
1359.4
1500.0
1468.8
1328.1
1507.8
1414.1
1312.5
1414.1
1328.1
1445.3
1312.5
1367.2
1453.1
1414.1
1335.9
1554.7
1390.6
1453.1
1593.8
1421.9
1468.8
1484.4
1328.1
1398.4
1562.5
1390.6
1500.0
1484.4
1351.6
1507.8
1515.6
1398.4
1421.9
1343.8
1421.9
1531.2
1453.1
1515.6
1601.6
1429.7
1468.8
1468.8
1359.4
1468.8
1476.6
1390.6
1539.1
1460.9
1421.9
1507.8
1320.3
1406.2
1406.2
1304.7
1507.8
1414.1
1460.9
1554.7
1437.5
1445.3
1562.5
1359.4
1515.6
1492.2
1367.2
1453.1
1351.6
1437.5
1468.8
1351.6
1421.9
1445.3
1359.4
1335.9
1421.9
1328.1
1382.8
1382.8
1296.9
1429.7
1359.4
1164.1
1164.1
1070.3
1257.8
1531.2
1312.5
1578.1
1429.7
1507.8
1570.3
1398.4
1570.3
1515.6
1382.8
1515.6
1460.9
1507.8
1546.9
1414.1
1484.4
1523.4
1421.9
1617.2
1523.4
1414.1
1484.4
1453.1
1476.6
1531.2
1414.1
1445.3
1593.8
1421.9
1414.1
1460.9
1335.9
1460.9
1382.8
1359.4
1367.2
1218.8
1304.7
1500.0
1382.8
1593.8
1375.0
1445.3
1390.6
1390.6
1648.4
1476.6
1492.2
1578.1
1367.2
1375.0
1546.9
1304.7
1492.2
1656.2
1468.8
1539.1
1460.9
1476.6
1578.1
1484.4
1523.4
1507.8
1445.3
1460.9
1414.1
1429.7
1468.8
1328.1
1390.6
1562.5
1421.9
1468.8
1484.4
1437.5
1679.7
1476.6
1437.5
1492.2
1406.2
1429.7
1585.9
1320.3
1429.7
1398.4
1289.1
1484.4
1414.1
1476.6
1625.0
1406.2
1460.9
1476.6
1406.2
1445.3
1406.2
1320.3
1523.4
1414.1
1484.4
1406.2
1421.9
1476.6
1398.4
1375.0
1546.9
1367.2
1390.6
1507.8
1421.9
1460.9
1531.2
1437.5
1507.8
1609.4
1359.4
1453.1
1359.4
1468.8
1523.4
1484.4
1406.2
1250.0
1492.2
1273.4
1562.5
1335.9
1320.3
1601.6
1453.1
1429.7
1531.2
1414.1
1492.2
1468.8
1421.9
1539.1
1375.0
1476.6
1445.3
1406.2
1500.0
1437.5
1507.8
1531.2
1414.1
1515.6
1414.1
1500.0
1515.6
1351.6
1390.6
1437.5
1390.6
1515.6
1445.3
1421.9
1578.1
1335.9
1289.1
1531.2
1328.1
1515.6
1453.1
1468.8
1585.9
1398.4
1460.9
1570.3
1468.8
1515.6
1414.1
1406.2
1382.8
1218.8
1437.5
1476.6
1445.3
1546.9
1476.6
1468.8
1492.2
1367.2
1500.0
1515.6
1476.6
1671.9
1500.0
1476.6
1484.4
1382.8
1406.2
1476.6
1335.9
1304.7
1414.1
1390.6
1515.6
1398.4
1367.2
1500.0
1304.7
1398.4
1523.4
1453.1
1468.8
1367.2
1312.5
1500.0
1390.6
1437.5
1578.1
1343.8
1476.6
1453.1
1335.9
1500.0
1445.3
1445.3
1429.7
1289.1
1476.6
1414.1
1304.7
1531.2
1414.1
1406.2
1523.4
1195.3
1187.5
1640.6
1421.9
1562.5
1492.2
1437.5
1531.2
1421.9
1437.5
1578.1
1335.9
1398.4
1484.4
1429.7
1562.5
1492.2
1460.9
1570.3
1507.8
1484.4
1492.2
1421.9
1554.7
1492.2
1429.7
1523.4
1406.2
1390.6
1437.5
1390.6
1554.7
1507.8
1351.6
1281.2
1546.9
1343.8
1343.8
1460.9
1351.6
1367.2
1578.1
1468.8
1554.7
1531.2
1476.6
1492.2
1406.2
1382.8
1468.8
1429.7
1546.9
1523.4
1523.4
1648.4
1570.3
1570.3
1554.7
1578.1
1484.4
1203.1
1695.3
1515.6
1609.4
1625.0
1445.3
1593.8
1359.4
1453.1
1570.3
1429.7
1500.0
1468.8
1398.4
1585.9
1453.1
1437.5
1445.3
1257.8
1453.1
1343.8
1531.2
1500.0
1585.9
1484.4
1375.0
1445.3
1359.4
1335.9
1437.5
1437.5
1492.2
1500.0
1390.6
1523.4
1437.5
1398.4
1539.1
1382.8
1351.6
1484.4
1406.2
1414.1
1570.3
1421.9
1460.9
1453.1
1406.2
1539.1
1375.0
1390.6
1328.1
1203.1
1554.7
1484.4
1515.6
1359.4
1257.8
1562.5
1539.1
1171.9
945.3
953.1
984.4
1070.3
976.6
937.5
984.4
968.8
906.2
656.2
1070.3
914.1
898.4
906.2
898.4
906.2
898.4
867.2
882.8
914.1
984.4
937.5
1101.6
1343.8
1390.6
1328.1
1429.7
1445.3
1406.2
1437.5
1367.2
1218.8
1093.8
1960.9
1484.4
1695.3
1500.0
1398.4
1570.3
1367.2
1609.4
1531.2
1414.1
1445.3
1078.1
976.6
1718.8
1437.5
1765.6
1476.6
1648.4
1554.7
1187.5
1031.2
1070.3
984.4
1031.2
1015.6
1523.4
1320.3
1585.9
1484.4
1687.5
1601.6
1539.1
1648.4
1468.8
1453.1
1460.9
1351.6
1476.6
1484.4
1406.2
1476.6
1531.2
1382.8
1226.6
1773.4
1507.8
1578.1
1546.9
1328.1
1445.3
1296.9
1257.8
1460.9
1382.8
1335.9
1398.4
1328.1
1367.2
1507.8
1421.9
1281.2
1429.7
1304.7
1343.8
1406.2
1289.1
1445.3
1453.1
1265.6
1507.8
1382.8
1351.6
1484.4
1375.0
1546.9
1515.6
1414.1
1500.0
1398.4
1414.1
1507.8
1406.2
1367.2
1492.2
1328.1
1343.8
1453.1
1164.1
992.2
1093.8
1039.1
1664.1
1601.6
1437.5
1421.9
1398.4
1335.9
1562.5
1390.6
1476.6
1515.6
1406.2
1476.6
1515.6
1437.5
1546.9
1359.4
1429.7
1406.2
1320.3
1375.0
1289.1
1250.0
1453.1
1351.6
1468.8
1671.9
1476.6
1593.8
1562.5
1390.6
1570.3
1507.8
1406.2
1484.4
1367.2
1445.3
1562.5
1429.7
1507.8
1476.6
1375.0
1554.7
1398.4
1359.4
1421.9
1281.2
1335.9
1421.9
1296.9
1343.8
1398.4
1351.6
1437.5
1375.0
1218.8
1359.4
1312.5
1375.0
1460.9
1390.6
1429.7
1515.6
1406.2
1523.4
1546.9
1515.6
1523.4
1312.5
1273.4
1617.2
1445.3
1570.3
1640.6
1187.5
1539.1
1421.9
1382.8
1601.6
1390.6
1398.4
1460.9
1406.2
1406.2
1476.6
1382.8
1195.3
1445.3
1335.9
1421.9
1398.4
1109.4
1523.4
1437.5
1390.6
1601.6
1492.2
1445.3
1468.8
1304.7
1515.6
1500.0
1320.3
1351.6
1367.2
1304.7
1570.3
1476.6
1359.4
1460.9
1484.4
1359.4
1531.2
1406.2
1335.9
1320.3
1281.2
1335.9
1554.7
1429.7
1390.6
1476.6
1296.9
1343.8
1406.2
1335.9
1367.2
1500.0
1375.0
1390.6
1507.8
1398.4
1554.7
1484.4
1414.1
1484.4
1351.6
1453.1
1492.2
1257.8
1140.6
1515.6
1367.2
1484.4
1382.8
1335.9
1445.3
1273.4
1367.2
1414.1
1210.9
1226.6
1343.8
1265.6
1085.9
1492.2
1351.6
1343.8
1500.0
1398.4
1351.6
1492.2
1414.1
1320.3
1468.8
1218.8
1187.5
1343.8
1070.3
1625.0
1500.0
1500.0
1460.9
1359.4
1101.6
1539.1
1500.0
1507.8
1507.8
1429.7
1523.4
1375.0
1414.1
1531.2
1453.1
1437.5
671.9
1664.1
1554.7
1531.2
1390.6
1351.6
1593.8
1468.8
1406.2
1554.7
1406.2
1367.2
1390.6
1421.9
1445.3
1390.6
1273.4
1304.7
1296.9
1109.4
1203.1
1539.1
1250.0
1109.4
1304.7
1070.3
1242.2
1296.9
1054.7
1054.7
1234.4
1101.6
1039.1
1132.8
1289.1
1039.1
1015.6
1093.8
1054.7
1031.2
1046.9
984.4
1015.6
1695.3
1328.1
1414.1
1460.9
1210.9
1406.2
1445.3
1218.8
1468.8
1414.1
1226.6
1414.1
1445.3
1406.2
1539.1
1468.8
1414.1
1546.9
1414.1
1476.6
1453.1
1375.0
1414.1
1351.6
1132.8
1195.3
1453.1
1351.6
1531.2
1578.1
1421.9
1375.0
1187.5
1359.4
1242.2
1109.4
1289.1
1296.9
1117.2
1437.5
1421.9
1226.6
1335.9
1343.8
1125.0
1000.0
1023.4
1304.7
1070.3
1031.2
1093.8
1031.2
1140.6
1609.4
1250.0
1445.3
1406.2
1195.3
1109.4
1421.9
1328.1
1187.5
1484.4
1250.0
1117.2
1500.0
1437.5
1140.6
1218.8
1500.0
1421.9
1523.4
1539.1
1531.2
1554.7
1445.3
1500.0
1445.3
1460.9
1429.7
1296.9
1328.1
1429.7
1203.1
1484.4
1460.9
1273.4
1265.6
1296.9
1125.0
1140.6
1007.8
937.5
984.4
1632.8
1226.6
1578.1
1343.8
1203.1
1484.4
1320.3
1242.2
1437.5
1375.0
1187.5
1406.2
1343.8
1148.4
1031.2
1578.1
1445.3
1570.3
1351.6
1351.6
1523.4
1375.0
1273.4
1453.1
1351.6
1210.9
1453.1
1429.7
1203.1
1429.7
1375.0
1187.5
1492.2
1460.9
1445.3
1492.2
1390.6
1382.8
1531.2
1328.1
1375.0
1460.9
1296.9
1468.8
1406.2
1375.0
1632.8
1492.2
1421.9
1539.1
1554.7
1523.4
1390.6
1296.9
1375.0
1226.6
1406.2
1406.2
1234.4
1398.4
1289.1
1132.8
1148.4
1046.9
953.1
953.1
1015.6
1398.4
1429.7
1328.1
1101.6
1125.0
1273.4
1109.4
1507.8
1234.4
1031.2
968.8
1757.8
1367.2
1476.6
1578.1
1359.4
1460.9
1421.9
1078.1
1000.0
1648.4
1343.8
1671.9
1492.2
1179.7
1468.8
1117.2
1000.0
1031.2
1101.6
1031.2
1023.4
1171.9
1007.8
976.6
976.6
976.6
929.7
921.9
914.1
906.2
890.6
890.6
882.8
898.4
875.0
875.0
875.0
867.2
867.2
906.2
1343.8
1195.3
1117.2
1312.5
1437.5
1195.3
1492.2
1367.2
1398.4
1640.6
1382.8
1242.2
1726.6
1367.2
1460.9
1570.3
1343.8
1437.5
1171.9
1109.4
1757.8
1382.8
1406.2
1421.9
1125.0
1054.7
1125.0
984.4
1070.3
1507.8
687.5
671.9
695.3
703.1
656.2
1156.2
656.2
1203.1
984.4
984.4
976.6
695.3
1117.2
656.2
1171.9
953.1
664.1
1398.4
710.9
1414.1
1531.2
1343.8
1312.5
1578.1
1335.9
1234.4
1484.4
1617.2
1640.6
1601.6
1335.9
1531.2
1429.7
1476.6
1593.8
1265.6
1554.7
1367.2
1296.9
1601.6
1406.2
1382.8
1648.4
1343.8
1281.2
1468.8
1453.1
1312.5
1476.6
1453.1
1351.6
1414.1
1406.2
1250.0
1484.4
1414.1
1281.2
1437.5
1382.8
1265.6
1265.6
1351.6
1242.2
1039.1
1000.0
1171.9
1148.4
1625.0
1507.8
1390.6
1515.6
1320.3
1335.9
1460.9
1335.9
1531.2
1570.3
1335.9
1445.3
1414.1
1320.3
1531.2
1437.5
1398.4
1500.0
1421.9
1367.2
1453.1
1328.1
1093.8
1460.9
1375.0
1273.4
1531.2
1445.3
1468.8
1437.5
1382.8
1429.7
1398.4
1343.8
1320.3
1421.9
1242.2
1273.4
1531.2
1421.9
1445.3
1484.4
1320.3
1492.2
1500.0
1343.8
1242.2
1406.2
1140.6
1406.2
1507.8
1445.3
1585.9
1359.4
1375.0
1429.7
1296.9
1453.1
1382.8
1382.8
1515.6
1445.3
1398.4
1484.4
1492.2
1335.9
1453.1
1421.9
1390.6
1562.5
1460.9
1335.9
1250.0
1078.1
1296.9
1617.2
1429.7
1500.0
1523.4
1500.0
1546.9
1406.2
1476.6
1414.1
1390.6
1531.2
1492.2
1328.1
1617.2
1601.6
1578.1
1617.2
1523.4
1437.5
1539.1
1460.9
1476.6
1515.6
1375.0
1437.5
1437.5
1289.1
1382.8
1554.7
1367.2
1375.0
1398.4
1328.1
1085.9
1585.9
1453.1
1445.3
1546.9
1304.7
1476.6
1484.4
1281.2
1398.4
1468.8
1398.4
1601.6
1414.1
1296.9
1429.7
1250.0
1265.6
1562.5
1445.3
1359.4
1476.6
1304.7
1437.5
1500.0
1375.0
1445.3
1460.9
1320.3
1484.4
1421.9
1382.8
1562.5
1437.5
1398.4
1476.6
1421.9
1414.1
1492.2
1375.0
1468.8
1515.6
1398.4
1546.9
1523.4
1476.6
1679.7
1484.4
1601.6
1585.9
1421.9
1421.9
1320.3
1828.1
1429.7
1343.8
1578.1
1437.5
1460.9
1507.8
1351.6
1273.4
1359.4
1210.9
1078.1
1351.6
1406.2
1296.9
1429.7
1453.1
1312.5
1546.9
1390.6
1257.8
1453.1
1460.9
1328.1
1492.2
1312.5
1296.9
1453.1
1367.2
1578.1
1476.6
1320.3
1453.1
1367.2
1492.2
1492.2
1335.9
1453.1
1523.4
1351.6
1085.9
1218.8
1421.9
1460.9
1492.2
1445.3
1460.9
1320.3
1328.1
1296.9
1265.6
1500.0
1429.7
1375.0
1476.6
1351.6
1476.6
1460.9
1390.6
1468.8
1453.1
1421.9
1476.6
1429.7
1406.2
1429.7
1335.9
1101.6
1085.9
1039.1
953.1
968.8
1070.3
1015.6
1101.6
1046.9
984.4
1039.1
1007.8
1015.6
1500.0
1437.5
1382.8
1468.8
1445.3
1414.1
1539.1
1437.5
1429.7
1578.1
1625.0
1453.1
1554.7
1476.6
1656.2
1507.8
1578.1
1726.6
1468.8
1367.2
1507.8
1406.2
1367.2
1554.7
1320.3
1507.8
1523.4
1414.1
1476.6
1562.5
1367.2
1421.9
1398.4
1289.1
1468.8
1382.8
1359.4
1429.7
1296.9
1515.6
1492.2
1421.9
1507.8
1375.0
1335.9
1476.6
1335.9
1421.9
1546.9
1375.0
1515.6
1468.8
1343.8
1468.8
1445.3
1375.0
1453.1
1367.2
1273.4
1484.4
1453.1
1359.4
1507.8
1429.7
1429.7
1476.6
1414.1
1320.3
1468.8
1398.4
1601.6
1421.9
1257.8
1023.4
1554.7
1617.2
1734.4
1757.8
1640.6
1625.0
1531.2
1429.7
1429.7
1492.2
1429.7
1335.9
1554.7
1617.2
1460.9
1437.5
1398.4
1375.0
1453.1
1421.9
1328.1
1492.2
1406.2
1343.8
1437.5
1375.0
1343.8
1484.4
1343.8
1406.2
1460.9
1406.2
1406.2
1523.4
1367.2
1453.1
1468.8
1359.4
1460.9
1406.2
1328.1
1429.7
1414.1
1296.9
1453.1
1398.4
1359.4
1500.0
1382.8
1398.4
1515.6
1382.8
1500.0
1476.6
1398.4
1531.2
1437.5
1375.0
1445.3
1382.8
1421.9
1507.8
1382.8
1500.0
1414.1
1335.9
1437.5
1390.6
1390.6
1554.7
1382.8
1382.8
1390.6
1281.2
1453.1
1351.6
1304.7
1460.9
1367.2
1507.8
1429.7
1429.7
1601.6
1359.4
1429.7
1492.2
1351.6
1492.2
1484.4
1523.4
1585.9
1421.9
1554.7
1484.4
1453.1
1484.4
1343.8
1531.2
1437.5
1523.4
1570.3
1406.2
1585.9
1468.8
1460.9
1484.4
1351.6
1445.3
1507.8
1359.4
1445.3
1414.1
1398.4
1515.6
1398.4
1476.6
1421.9
1359.4
1515.6
1351.6
1335.9
1414.1
1375.0
1500.0
1375.0
1468.8
1562.5
1429.7
1453.1
1273.4
1328.1
1429.7
1359.4
1468.8
1382.8
1375.0
1460.9
1375.0
1515.6
1367.2
1445.3
1414.1
1328.1
1445.3
1343.8
1406.2
1484.4
1328.1
1453.1
1468.8
1382.8
1531.2
1390.6
1406.2
1679.7
1484.4
1664.1
1492.2
1523.4
1562.5
1375.0
1484.4
1453.1
1500.0
1570.3
1414.1
1460.9
1554.7
1406.2
1570.3
1359.4
1070.3
1046.9
976.6
1070.3
1554.7
1140.6
992.2
984.4
953.1
1406.2
1320.3
1453.1
1359.4
1515.6
1523.4
1500.0
1664.1
1632.8
1500.0
1625.0
1507.8
1601.6
1601.6
1437.5
1453.1
1585.9
1445.3
1765.6
1546.9
1539.1
1718.8
1523.4
1492.2
1570.3
1351.6
1593.8
1500.0
1398.4
1585.9
1453.1
1523.4
1468.8
1320.3
1648.4
1531.2
1250.0
1429.7
1265.6
1257.8
1421.9
1250.0
1585.9
1335.9
1414.1
1531.2
1398.4
1500.0
1414.1
1398.4
1554.7
1382.8
1382.8
1515.6
1429.7
1492.2
1523.4
1398.4
1562.5
1515.6
1453.1
1601.6
1421.9
1460.9
1476.6
1375.0
1515.6
1367.2
1343.8
1460.9
1296.9
1554.7
1671.9
1546.9
1375.0
1039.1
1015.6
1296.9
1062.5
1703.1
1523.4
1687.5
1593.8
1507.8
1664.1
1460.9
1601.6
1500.0
1171.9
1039.1
1070.3
1023.4
1585.9
1406.2
1242.2
1132.8
1210.9
1414.1
1742.2
1703.1
1671.9
1835.9
1593.8
1546.9
1687.5
1578.1
1476.6
1617.2
1492.2
1437.5
1726.6
1546.9
1507.8
1539.1
1335.9
1414.1
1617.2
1437.5
1437.5
1523.4
1328.1
1468.8
1445.3
1250.0
1468.8
1429.7
1343.8
1453.1
1421.9
1382.8
1539.1
1523.4
1398.4
1500.0
1429.7
1382.8
1546.9
1382.8
1414.1
1554.7
1460.9
1390.6
1593.8
1468.8
1453.1
1625.0
1476.6
1468.8
1632.8
1523.4
1375.0
1515.6
1375.0
1476.6
1390.6
1210.9
1578.1
1406.2
1257.8
1453.1
1343.8
1242.2
1445.3
1312.5
1523.4
1500.0
1429.7
1601.6
1492.2
1468.8
1664.1
1429.7
1554.7
1562.5
1476.6
1625.0
1468.8
1500.0
1664.1
1453.1
1593.8
1531.2
1390.6
1539.1
1484.4
1421.9
1531.2
1351.6
1546.9
1531.2
1343.8
1515.6
1398.4
1445.3
1531.2
1468.8
1445.3
1523.4
1367.2
1421.9
1429.7
1343.8
1523.4
1484.4
1359.4
1468.8
1445.3
1664.1
1429.7
1328.1
1468.8
1367.2
1570.3
1632.8
1546.9
1664.1
1453.1
1585.9
1507.8
1351.6
1484.4
1398.4
1359.4
1609.4
1476.6
1546.9
1523.4
1390.6
1546.9
1429.7
1382.8
1515.6
1398.4
1515.6
1632.8
1429.7
1570.3
1515.6
1468.8
1546.9
1445.3
1500.0
1507.8
1109.4
984.4
1007.8
1437.5
1671.9
1757.8
1804.7
1679.7
1546.9
1531.2
1390.6
1492.2
1578.1
1437.5
1585.9
1468.8
1609.4
1632.8
1421.9
1515.6
1523.4
1500.0
1617.2
1523.4
1593.8
1585.9
1406.2
1539.1
1468.8
1484.4
1523.4
1437.5
1523.4
1507.8
1320.3
1593.8
1523.4
1476.6
1585.9
1585.9
1406.2
1664.1
1484.4
1453.1
1648.4
1445.3
1531.2
1546.9
1437.5
1656.2
1421.9
1585.9
1507.8
1398.4
1609.4
1492.2
1468.8
1539.1
1406.2
1460.9
1515.6
1414.1
1562.5
1570.3
1375.0
1515.6
1468.8
1320.3
1492.2
1414.1
1320.3
1429.7
1281.2
1296.9
1640.6
1398.4
1507.8
1515.6
1398.4
1593.8
1476.6
1585.9
1500.0
1367.2
1554.7
1476.6
1554.7
1546.9
1445.3
1687.5
1429.7
1546.9
1546.9
1390.6
1523.4
1453.1
1406.2
1523.4
1398.4
1460.9
1617.2
1375.0
1515.6
1585.9
1460.9
1578.1
1429.7
1492.2
1632.8
1437.5
1625.0
1523.4
1507.8
1406.2
1257.8
1601.6
1492.2
1515.6
1523.4
1398.4
1492.2
1640.6
1367.2
1585.9
1507.8
1382.8
1507.8
1289.1
1296.9
1570.3
1312.5
1406.2
1492.2
1523.4
1398.4
1718.8
1570.3
1484.4
1632.8
1367.2
1617.2
1546.9
1406.2
1515.6
1390.6
1578.1
1484.4
1367.2
1765.6
1421.9
1648.4
1554.7
1554.7
1656.2
1453.1
1562.5
1460.9
1531.2
1648.4
1414.1
1562.5
1500.0
1554.7
1554.7
1421.9
1484.4
1398.4
1398.4
1656.2
1476.6
1445.3
1484.4
1421.9
1546.9
1460.9
1531.2
1601.6
1343.8
1601.6
1515.6
1484.4
1617.2
1460.9
1617.2
1398.4
1375.0
1468.8
1476.6
1507.8
1757.8
1484.4
1617.2
1531.2
1593.8
1601.6
1507.8
1554.7
1515.6
1500.0
1632.8
1445.3
1562.5
1523.4
1382.8
1617.2
1515.6
1453.1
1539.1
1328.1
1398.4
1453.1
1390.6
1539.1
1468.8
1382.8
1570.3
1351.6
1523.4
1585.9
1414.1
1523.4
1367.2
1515.6
1476.6
1242.2
1476.6
1296.9
1570.3
1343.8
1335.9
1406.2
1546.9
1421.9
1406.2
1656.2
1421.9
1492.2
1507.8
1398.4
1507.8
1429.7
1437.5
1398.4
1406.2
1609.4
1460.9
1570.3
1507.8
1492.2
1671.9
1382.8
1460.9
1539.1
1414.1
1531.2
1414.1
1445.3
1578.1
1382.8
1531.2
1500.0
1414.1
1515.6
1414.1
1437.5
1593.8
1234.4
1367.2
1492.2
1351.6
1695.3
1421.9
1476.6
1468.8
1382.8
1601.6
1453.1
1554.7
1500.0
1460.9
1632.8
1414.1
1507.8
1515.6
1429.7
1640.6
1414.1
1500.0
1546.9
1484.4
1593.8
1468.8
1390.6
1539.1
1390.6
1445.3
1546.9
1421.9
1664.1
1492.2
1523.4
1468.8
1335.9
1460.9
1531.2
1507.8
1632.8
1414.1
1382.8
1429.7
1359.4
1578.1
1414.1
1539.1
1539.1
1398.4
1539.1
1453.1
1468.8
1523.4
1484.4
1476.6
1359.4
1492.2
1570.3
1406.2
1640.6
1453.1
1515.6
1632.8
1476.6
1609.4
1484.4
1476.6
1531.2
1351.6
1539.1
1492.2
1351.6
1421.9
1445.3
1421.9
1531.2
1320.3
1726.6
1328.1
1117.2
1179.7
1570.3
1445.3
1609.4
1375.0
1445.3
1437.5
1429.7
1601.6
1453.1
1531.2
1468.8
1437.5
1289.1
1046.9
953.1
914.1
960.9
1054.7
1031.2
1195.3
1492.2
1210.9
1070.3
984.4
1031.2
968.8
945.3
1000.0
1039.1
984.4
1007.8
1453.1
1421.9
1304.7
1070.3
1023.4
1164.1
1164.1
1054.7
1187.5
1085.9
679.7
1085.9
656.2
1140.6
664.1
632.8
632.8
648.4
1109.4
976.6
968.8
945.3
906.2
921.9
898.4
906.2
898.4
1289.1
1335.9
1171.9
1484.4
1500.0
1421.9
1750.0
1632.8
1406.2
1742.2
1421.9
1367.2
1546.9
1320.3
1312.5
1570.3
1445.3
1828.1
1460.9
1531.2
1359.4
1101.6
1617.2
1546.9
1351.6
1609.4
1312.5
1671.9
1320.3
1609.4
1382.8
1414.1
1593.8
1445.3
1648.4
1492.2
1453.1
1742.2
1414.1
1515.6
1695.3
1406.2
1648.4
1562.5
1531.2
1585.9
1414.1
1679.7
1375.0
1414.1
1500.0
1414.1
1507.8
1507.8
1398.4
1500.0
1492.2
1289.1
1117.2
984.4
1054.7
1875.0
1718.8
1765.6
1718.8
1781.2
1539.1
1695.3
1593.8
1578.1
1671.9
1507.8
1562.5
1562.5
1468.8
1718.8
1523.4
1578.1
1742.2
1468.8
1570.3
1523.4
1523.4
1617.2
1406.2
1554.7
1398.4
1453.1
1562.5
1320.3
1023.4
960.9
937.5
1007.8
1007.8
1679.7
1585.9
1851.6
1718.8
1835.9
1703.1
1523.4
1664.1
1515.6
1531.2
1570.3
1421.9
1695.3
1593.8
1468.8
1617.2
1453.1
1625.0
1593.8
1570.3
1648.4
1429.7
1554.7
1460.9
1320.3
1601.6
1343.8
1265.6
1492.2
1390.6
1445.3
1687.5
1343.8
1570.3
1554.7
1421.9
1625.0
1375.0
1390.6
1515.6
1414.1
1593.8
1453.1
1453.1
1656.2
1468.8
1437.5
1312.5
1359.4
1601.6
1539.1
1531.2
1632.8
1445.3
1554.7
1500.0
1429.7
1460.9
1320.3
1460.9
1515.6
1343.8
1421.9
1281.2
1273.4
1593.8
1359.4
1507.8
1390.6
1414.1
1609.4
1445.3
1531.2
1734.4
1515.6
1601.6
1468.8
1593.8
1617.2
1453.1
1601.6
1445.3
1484.4
1570.3
1359.4
1484.4
1492.2
1382.8
1515.6
1468.8
1609.4
1585.9
1437.5
1671.9
1421.9
1492.2
1570.3
1437.5
1484.4
1562.5
1523.4
1492.2
1367.2
1484.4
1562.5
1523.4
1679.7
1406.2
1640.6
1468.8
1421.9
1468.8
1445.3
1554.7
1492.2
1546.9
1718.8
1328.1
1679.7
1476.6
1507.8
1757.8
1484.4
1648.4
1437.5
1453.1
1570.3
1398.4
1523.4
1546.9
1382.8
1476.6
1351.6
1382.8
1460.9
1359.4
1460.9
1476.6
1398.4
1460.9
1343.8
1539.1
1312.5
1546.9
1562.5
1476.6
1648.4
1390.6
1515.6
1546.9
1382.8
1640.6
1492.2
1476.6
1562.5
1414.1
1507.8
1507.8
1390.6
1492.2
1226.6
1429.7
1367.2
1265.6
1773.4
1476.6
1492.2
1585.9
1335.9
1578.1
1562.5
1468.8
1617.2
1476.6
1523.4
1523.4
1460.9
1656.2
1453.1
1546.9
1515.6
1515.6
1625.0
1414.1
1609.4
1460.9
1414.1
1484.4
1359.4
1453.1
1539.1
1359.4
1593.8
1507.8
1445.3
1656.2
1375.0
1554.7
1460.9
1414.1
1523.4
1382.8
1585.9
1445.3
1453.1
1546.9
1539.1
1703.1
1492.2
1703.1
1484.4
1335.9
1484.4
1257.8
1578.1
1656.2
1609.4
1726.6
1406.2
1671.9
1492.2
1585.9
1554.7
1507.8
1507.8
1414.1
1476.6
1625.0
1414.1
1671.9
1500.0
1382.8
1585.9
1460.9
1507.8
1539.1
1406.2
1625.0
1453.1
1476.6
1523.4
1375.0
1617.2
1414.1
1539.1
1671.9
1453.1
1617.2
1523.4
1554.7
1656.2
1390.6
1476.6
1593.8
1476.6
1601.6
1421.9
1625.0
1437.5
1359.4
1507.8
1328.1
1601.6
1500.0
1390.6
1500.0
1328.1
1539.1
1601.6
1421.9
1601.6
1429.7
1515.6
1484.4
1359.4
1617.2
1476.6
1320.3
1500.0
1390.6
1625.0
1453.1
1585.9
1554.7
1500.0
1609.4
1421.9
1437.5
1546.9
1343.8
1507.8
1335.9
1546.9
1539.1
1437.5
1578.1
1398.4
1562.5
1390.6
1492.2
1625.0
1398.4
1437.5
1539.1
1500.0
1640.6
1476.6
1539.1
1531.2
1476.6
1757.8
1429.7
1585.9
1523.4
1414.1
1656.2
1429.7
1445.3
1500.0
1289.1
1351.6
1218.8
1414.1
1656.2
1531.2
1640.6
1398.4
1445.3
1468.8
1390.6
1664.1
1445.3
1453.1
1421.9
1429.7
1554.7
1406.2
1531.2
1359.4
1585.9
1515.6
1656.2
1601.6
1539.1
1609.4
1398.4
1554.7
1601.6
1421.9
1632.8
1429.7
1453.1
1625.0
1453.1
1601.6
1539.1
1398.4
1601.6
1531.2
1500.0
1570.3
1468.8
1640.6
1476.6
1468.8
1632.8
1328.1
1453.1
1429.7
1468.8
1585.9
1382.8
1492.2
1359.4
1351.6
1523.4
1414.1
1460.9
1617.2
1375.0
1515.6
1414.1
1289.1
1632.8
1468.8
1468.8
1531.2
1398.4
1554.7
1500.0
1398.4
1593.8
1476.6
1500.0
1578.1
1429.7
1570.3
1429.7
1445.3
1468.8
1359.4
1507.8
1578.1
1390.6
1585.9
1531.2
1578.1
1421.9
1429.7
1734.4
1398.4
1546.9
1484.4
1632.8
1523.4
1460.9
1578.1
1406.2
1382.8
1484.4
1289.1
1515.6
1484.4
1570.3
1531.2
1398.4
1570.3
1445.3
1453.1
1492.2
1296.9
1546.9
1468.8
1398.4
1640.6
1429.7
1429.7
1507.8
1382.8
1523.4
1437.5
1414.1
1531.2
1437.5
1500.0
1343.8
1289.1
1554.7
1398.4
1468.8
1437.5
1351.6
1531.2
1398.4
1328.1
1539.1
1398.4
1406.2
1609.4
1382.8
1625.0
1375.0
1398.4
1484.4
1312.5
1328.1
1593.8
1304.7
1468.8
1500.0
1390.6
1664.1
1484.4
1382.8
1578.1
1398.4
1484.4
1539.1
1406.2
1382.8
1492.2
1328.1
1562.5
1414.1
1406.2
1546.9
1351.6
1460.9
1429.7
1398.4
1507.8
1406.2
1625.0
1554.7
1468.8
1609.4
1453.1
1578.1
1437.5
1382.8
1320.3
1429.7
1500.0
1773.4
1523.4
1664.1
1414.1
1523.4
1625.0
1507.8
1484.4
1382.8
1460.9
1601.6
1453.1
1625.0
1414.1
1554.7
1421.9
1476.6
1492.2
1343.8
1539.1
1500.0
1515.6
1523.4
1406.2
1570.3
1476.6
1453.1
1531.2
1414.1
1359.4
1484.4
1343.8
1476.6
1382.8
1507.8
1601.6
1242.2
1570.3
1492.2
1476.6
1703.1
1406.2
1390.6
1515.6
1351.6
1375.0
1640.6
1328.1
1437.5
1351.6
1468.8
1460.9
1351.6
1367.2
1210.9
1414.1
1742.2
1351.6
1484.4
1492.2
1398.4
1578.1
1406.2
1492.2
1554.7
1429.7
1539.1
1359.4
1437.5
1382.8
1343.8
1515.6
1335.9
1484.4
1335.9
1382.8
1585.9
1351.6
1468.8
1632.8
1414.1
1609.4
1492.2
1484.4
1671.9
1421.9
1523.4
1515.6
1500.0
1367.2
1195.3
1523.4
1476.6
1421.9
1515.6
1390.6
1507.8
1484.4
1351.6
1507.8
1492.2
1390.6
1531.2
1375.0
1328.1
1523.4
1351.6
1421.9
1578.1
1382.8
1585.9
1546.9
1484.4
1523.4
1367.2
1476.6
1484.4
1367.2
1640.6
1468.8
1546.9
1617.2
1398.4
1531.2
1515.6
1484.4
1617.2
1429.7
1460.9
1445.3
1367.2
1546.9
1414.1
1484.4
1515.6
1351.6
1539.1
1375.0
1367.2
1492.2
1343.8
1484.4
1398.4
1320.3
1492.2
1453.1
1382.8
1359.4
1187.5
1101.6
1718.8
1445.3
1460.9
1609.4
1437.5
1546.9
1500.0
1351.6
1523.4
1445.3
1414.1
1484.4
1359.4
1679.7
1476.6
1554.7
1367.2
1382.8
1468.8
1453.1
1406.2
1648.4
1414.1
1609.4
1515.6
1468.8
1617.2
1476.6
1625.0
1546.9
1484.4
1671.9
1359.4
1414.1
1500.0
1156.2
1015.6
953.1
929.7
937.5
984.4
992.2
960.9
921.9
906.2
906.2
890.6
882.8
867.2
851.6
851.6
835.9
859.4
937.5
1234.4
1187.5
1359.4
1460.9
1320.3
1468.8
1632.8
1421.9
1578.1
1687.5
1375.0
1562.5
1625.0
1398.4
1031.2
1070.3
1851.6
1523.4
1570.3
1601.6
1656.2
1656.2
1507.8
1656.2
1515.6
1445.3
1609.4
1492.2
1523.4
1617.2
1460.9
1375.0
1531.2
1453.1
1375.0
1429.7
1328.1
1593.8
1601.6
1523.4
1640.6
1539.1
1429.7
1406.2
1187.5
1101.6
1593.8
1484.4
1359.4
1531.2
1460.9
1468.8
1625.0
1429.7
1492.2
1390.6
1359.4
1484.4
1390.6
1312.5
1679.7
1421.9
1609.4
1437.5
1375.0
1593.8
1414.1
1367.2
1523.4
1367.2
1531.2
1585.9
1367.2
1500.0
1453.1
1515.6
1593.8
1429.7
1515.6
1492.2
1429.7
1421.9
1476.6
1406.2
1476.6
1328.1
1046.9
1148.4
1671.9
1648.4
1750.0
1460.9
1593.8
1523.4
1492.2
1625.0
1437.5
1601.6
1500.0
1468.8
1546.9
1500.0
1546.9
1546.9
1375.0
1500.0
1492.2
1429.7
1570.3
1421.9
1492.2
1484.4
1304.7
1515.6
1507.8
1406.2
1546.9
1437.5
1445.3
1375.0
1226.6
1437.5
1484.4
1437.5
1726.6
1476.6
1585.9
1554.7
1515.6
1718.8
1492.2
1453.1
1539.1
1375.0
1531.2
1406.2
1492.2
1585.9
1429.7
1492.2
1453.1
1406.2
1476.6
1406.2
1429.7
1468.8
1414.1
1398.4
1328.1
1367.2
1460.9
1328.1
1429.7
1437.5
1156.2
1406.2
1429.7
1093.8
1062.5
1062.5
1453.1
1265.6
1281.2
1203.1
1046.9
1046.9
1070.3
992.2
1007.8
1023.4
1070.3
1046.9
1117.2
1078.1
984.4
968.8
953.1
1070.3
1132.8
1046.9
1195.3
1289.1
1132.8
1343.8
1132.8
1085.9
1281.2
1101.6
1304.7
1226.6
1031.2
1093.8
1148.4
1000.0
1046.9
1460.9
1117.2
1421.9
1679.7
1484.4
1859.4
1492.2
1484.4
1710.9
1484.4
1500.0
1625.0
1507.8
1328.1
1726.6
1406.2
1335.9
1687.5
1476.6
1437.5
1593.8
1500.0
1304.7
1484.4
1328.1
1242.2
1375.0
1359.4
1234.4
1414.1
1421.9
1265.6
1414.1
1375.0
1375.0
1500.0
1437.5
1359.4
1476.6
1343.8
1382.8
1507.8
1328.1
1437.5
1437.5
1312.5
1492.2
1312.5
1140.6
1617.2
1492.2
1453.1
1585.9
1515.6
1492.2
1609.4
1460.9
1632.8
1515.6
1351.6
1500.0
1351.6
1492.2
1562.5
1437.5
1585.9
1429.7
1398.4
1500.0
1351.6
1492.2
1500.0
1398.4
1484.4
1359.4
1351.6
1367.2
1273.4
1335.9
1375.0
1406.2
1445.3
1382.8
1367.2
1468.8
1375.0
1281.2
1484.4
1445.3
1531.2
1617.2
1445.3
1531.2
1562.5
1343.8
1507.8
1453.1
1257.8
1695.3
1460.9
1679.7
1570.3
1562.5
1687.5
1546.9
1632.8
1476.6
1546.9
1562.5
1406.2
1507.8
1375.0
1359.4
1492.2
1429.7
1367.2
1656.2
1460.9
1539.1
1648.4
1539.1
1632.8
1359.4
1375.0
1539.1
1414.1
1421.9
1585.9
1460.9
1500.0
1507.8
1453.1
1632.8
1539.1
1453.1
1523.4
1453.1
1437.5
1601.6
1390.6
1468.8
1453.1
1414.1
1648.4
1476.6
1570.3
1500.0
1414.1
1539.1
1429.7
1429.7
1570.3
1437.5
1453.1
1437.5
1445.3
1578.1
1453.1
1093.8
1023.4
1570.3
1812.5
1640.6
1671.9
1789.1
1531.2
1679.7
1515.6
1539.1
1664.1
1507.8
1476.6
1570.3
1414.1
1523.4
1640.6
1492.2
1507.8
1593.8
1390.6
1562.5
1570.3
1437.5
1570.3
1460.9
1484.4
1531.2
1398.4
1554.7
1523.4
1320.3
1304.7
1414.1
1335.9
1625.0
1437.5
1515.6
1492.2
1367.2
1539.1
1429.7
1406.2
1414.1
1367.2
1585.9
1406.2
1421.9
1617.2
1453.1
1554.7
1484.4
1398.4
1546.9
1375.0
1476.6
1546.9
1468.8
1562.5
1507.8
1429.7
1617.2
1539.1
1523.4
1585.9
1468.8
1492.2
1476.6
1367.2
1468.8
1414.1
1296.9
1609.4
1421.9
1500.0
1578.1
1429.7
1523.4
1375.0
1343.8
1531.2
1421.9
1507.8
1476.6
1304.7
1539.1
1578.1
1359.4
1648.4
1492.2
1515.6
1617.2
1476.6
1585.9
1453.1
1445.3
1609.4
1375.0
1625.0
1484.4
1359.4
1507.8
1398.4
1390.6
1492.2
1328.1
1335.9
1312.5
1218.8
1367.2
1617.2
1453.1
1757.8
1523.4
1476.6
1710.9
1445.3
1578.1
1476.6
1476.6
1609.4
1398.4
1656.2
1539.1
1421.9
1664.1
1460.9
1507.8
1562.5
1390.6
1632.8
1273.4
1046.9
1492.2
1375.0
1320.3
1492.2
1515.6
1734.4
1437.5
1539.1
1421.9
1414.1
1546.9
1437.5
1531.2
1515.6
1375.0
1476.6
1335.9
1476.6
1578.1
1421.9
1531.2
1484.4
1437.5
1468.8
1320.3
1390.6
1367.2
1273.4
1570.3
1484.4
1476.6
1625.0
1453.1
1601.6
1539.1
1492.2
1531.2
1421.9
1390.6
1578.1
1421.9
1421.9
1531.2
1226.6
1093.8
1500.0
1125.0
1859.4
1523.4
1734.4
1695.3
1531.2
1554.7
1406.2
1500.0
1570.3
1468.8
1523.4
1445.3
1492.2
1578.1
1390.6
1515.6
1539.1
1460.9
1617.2
1429.7
1421.9
1617.2
1398.4
1492.2
1515.6
1414.1
1531.2
1500.0
1492.2
1726.6
1445.3
1492.2
1492.2
1406.2
1601.6
1679.7
1546.9
1632.8
1617.2
1632.8
1726.6
1710.9
1578.1
1531.2
1546.9
1375.0
1476.6
1476.6
1359.4
1531.2
1429.7
1289.1
1226.6
1414.1
1179.7
1515.6
1367.2
1093.8
1093.8
1125.0
1046.9
1039.1
1570.3
1335.9
1320.3
1476.6
1289.1
1085.9
1039.1
1554.7
1367.2
1515.6
1289.1
1484.4
1539.1
1312.5
1617.2
1445.3
1171.9
1132.8
1289.1
1226.6
1976.6
1445.3
1554.7
1500.0
1453.1
1609.4
1382.8
1101.6
1039.1
1218.8
1492.2
1585.9
1414.1
1632.8
1460.9
1523.4
1570.3
1515.6
1984.4
1453.1
1687.5
1625.0
1726.6
1445.3
1468.8
1453.1
1382.8
1531.2
1492.2
1406.2
1632.8
1429.7
1515.6
1406.2
1234.4
1265.6
1484.4
1117.2
1156.2
1281.2
1046.9
1179.7
1296.9
1054.7
1250.0
1468.8
1109.4
1531.2
1375.0
1398.4
1609.4
1578.1
1703.1
1523.4
1515.6
1617.2
1601.6
1578.1
1460.9
1562.5
1539.1
1468.8
1640.6
1414.1
1515.6
1578.1
1539.1
1531.2
1570.3
1523.4
1484.4
1382.8
1515.6
1445.3
1476.6
1445.3
1398.4
1507.8
1398.4
1312.5
1562.5
1414.1
1328.1
1468.8
1437.5
1421.9
1507.8
1281.2
1375.0
1273.4
1109.4
1382.8
1453.1
1179.7
1242.2
1265.6
1093.8
992.2
953.1
945.3
890.6
882.8
867.2
828.1
828.1
820.3
828.1
875.0
875.0
906.2
921.9
984.4
968.8
1578.1
1445.3
1234.4
1523.4
1382.8
1171.9
1585.9
1367.2
1343.8
1640.6
1484.4
1531.2
1476.6
1460.9
1609.4
1562.5
1593.8
1695.3
1640.6
1515.6
1492.2
1335.9
1546.9
1414.1
1328.1
1609.4
1382.8
1289.1
1421.9
1210.9
1179.7
1601.6
1359.4
1250.0
1476.6
1382.8
1226.6
1367.2
1351.6
1320.3
1429.7
1468.8
1507.8
1593.8
1406.2
1484.4
1320.3
1460.9
1382.8
1304.7
1453.1
1406.2
1328.1
1523.4
1398.4
1296.9
1468.8
1257.8
1148.4
1382.8
1421.9
1476.6
1273.4
1335.9
1242.2
1335.9
1242.2
1093.8
1109.4
1148.4
1101.6
1140.6
1546.9
1281.2
1203.1
1484.4
1335.9
1171.9
1226.6
1039.1
976.6
898.4
898.4
914.1
929.7
1710.9
1281.2
1101.6
1226.6
1281.2
1007.8
1000.0
1023.4
1023.4
976.6
992.2
1484.4
1187.5
1109.4
1218.8
1570.3
1601.6
1539.1
1421.9
1289.1
1351.6
1453.1
1304.7
1492.2
1460.9
1562.5
1609.4
1328.1
1281.2
1539.1
1296.9
1250.0
1468.8
1343.8
1234.4
1414.1
1406.2
1234.4
1460.9
1312.5
1281.2
1437.5
1312.5
1218.8
1257.8
1140.6
1195.3
1390.6
1156.2
1203.1
1273.4
1125.0
1164.1
1187.5
1132.8
1070.3
1078.1
1085.9
