1078.1
1250.0
1210.9
1179.7
1054.7
1054.7
1164.1
1187.5
1140.6
1093.8
1031.2
1171.9
1218.8
1195.3
1109.4
1046.9
1164.1
1187.5
1187.5
1148.4
1078.1
1226.6
1226.6
1171.9
1078.1
976.6
1125.0
1132.8
1156.2
1062.5
1039.1
1117.2
1171.9
1179.7
1101.6
1039.1
1179.7
1210.9
1171.9
1085.9
992.2
1171.9
1164.1
1148.4
1046.9
976.6
1156.2
1210.9
1195.3
1046.9
960.9
1046.9
1187.5
1171.9
1117.2
1109.4
1234.4
1203.1
1171.9
1046.9
945.3
1062.5
1125.0
1031.2
937.5
937.5
1273.4
1265.6
1187.5
1171.9
1281.2
1234.4
1195.3
1101.6
1101.6
1210.9
1203.1
1156.2
1070.3
960.9
890.6
1093.8
1156.2
1179.7
1101.6
1234.4
1250.0
1210.9
1093.8
1101.6
1179.7
1164.1
1046.9
937.5
1062.5
1234.4
1218.8
1132.8
1195.3
1203.1
1171.9
1117.2
1054.7
1187.5
1179.7
1171.9
1117.2
1085.9
1179.7
1203.1
1156.2
1109.4
1070.3
1218.8
1218.8
1156.2
1046.9
1078.1
1171.9
1187.5
1148.4
1109.4
1062.5
1171.9
1187.5
1140.6
1078.1
1046.9
1210.9
1195.3
1171.9
1132.8
1039.1
1156.2
1203.1
1171.9
1085.9
1031.2
1093.8
1101.6
1015.6
929.7
914.1
1210.9
1210.9
1164.1
1093.8
1250.0
1265.6
1195.3
1085.9
1125.0
1210.9
1195.3
1140.6
1085.9
1078.1
1195.3
1210.9
1187.5
1101.6
1023.4
1132.8
1226.6
1171.9
1078.1
1078.1
1242.2
1257.8
1148.4
1078.1
1093.8
1171.9
1195.3
1156.2
1109.4
1195.3
1210.9
1195.3
1109.4
1109.4
1218.8
1187.5
1117.2
1054.7
1195.3
1218.8
1179.7
1093.8
1039.1
1195.3
1203.1
1187.5
1117.2
1046.9
1210.9
1210.9
1187.5
1132.8
1015.6
1156.2
1195.3
1179.7
1140.6
1109.4
1187.5
1242.2
1179.7
1062.5
1109.4
1187.5
1203.1
1156.2
1085.9
1054.7
1187.5
1234.4
1156.2
1070.3
1062.5
1164.1
1187.5
1109.4
1046.9
1164.1
1210.9
1179.7
1132.8
1007.8
1195.3
1218.8
1195.3
1093.8
1023.4
1179.7
1187.5
1140.6
1085.9
1179.7
1195.3
1195.3
1125.0
1109.4
1195.3
1203.1
1140.6
1046.9
1046.9
1179.7
1195.3
1156.2
1054.7
1031.2
1203.1
1234.4
1195.3
1101.6
1023.4
1148.4
1109.4
1078.1
1046.9
1195.3
1203.1
1164.1
1023.4
1015.6
1179.7
1234.4
1195.3
1085.9
1078.1
1203.1
1210.9
1164.1
1117.2
1140.6
1156.2
1148.4
1039.1
1062.5
1210.9
1203.1
1132.8
1085.9
1179.7
1164.1
1156.2
1054.7
1054.7
1195.3
1195.3
1109.4
1101.6
1132.8
1156.2
1101.6
1078.1
1203.1
1257.8
1203.1
1070.3
976.6
1187.5
1187.5
1171.9
1101.6
1093.8
1218.8
1187.5
1117.2
1039.1
1179.7
1179.7
1148.4
1039.1
1054.7
1203.1
1195.3
1148.4
1070.3
1062.5
1203.1
1218.8
1203.1
1140.6
1125.0
1234.4
1234.4
1203.1
1132.8
1109.4
1171.9
1164.1
1187.5
1093.8
1109.4
1179.7
1203.1
1125.0
1101.6
1218.8
1203.1
1125.0
1085.9
1203.1
1218.8
1179.7
1085.9
1085.9
1218.8
1203.1
1156.2
1062.5
1046.9
1195.3
1195.3
1140.6
1046.9
1093.8
1218.8
1210.9
1117.2
1054.7
1234.4
1250.0
1203.1
1140.6
1320.3
1304.7
1242.2
1125.0
1132.8
1296.9
1273.4
1203.1
1117.2
1132.8
1187.5
1195.3
1117.2
1015.6
1179.7
1218.8
1164.1
1085.9
1023.4
1195.3
1203.1
1210.9
1109.4
1093.8
1203.1
1226.6
1164.1
1078.1
968.8
1195.3
1210.9
1179.7
1085.9
1046.9
1179.7
1218.8
1140.6
1046.9
1156.2
1218.8
1148.4
1109.4
1023.4
1218.8
1242.2
1179.7
1062.5
1039.1
1179.7
1179.7
1109.4
1015.6
1226.6
1203.1
1171.9
1093.8
1046.9
1218.8
1171.9
1125.0
1046.9
1031.2
1234.4
1234.4
1148.4
992.2
1093.8
1242.2
1218.8
1070.3
1039.1
1187.5
1210.9
1125.0
1007.8
1218.8
1265.6
1164.1
1109.4
1101.6
1234.4
1234.4
1164.1
1117.2
1195.3
1218.8
1187.5
1085.9
1039.1
1218.8
1195.3
1164.1
1031.2
1039.1
1187.5
1234.4
1171.9
1023.4
984.4
1195.3
1132.8
1117.2
1015.6
1039.1
1195.3
1226.6
1179.7
1125.0
1226.6
1218.8
1179.7
1078.1
1093.8
1156.2
1195.3
1148.4
1093.8
1062.5
1046.9
1039.1
976.6
984.4
1171.9
1242.2
1187.5
1148.4
1164.1
1125.0
1046.9
1023.4
1273.4
1273.4
1210.9
1164.1
1242.2
1109.4
1062.5
921.9
843.8
875.0
945.3
929.7
914.1
898.4
882.8
898.4
898.4
882.8
796.9
750.0
757.8
742.2
726.6
734.4
710.9
718.8
726.6
718.8
742.2
734.4
726.6
726.6
757.8
828.1
992.2
1046.9
984.4
968.8
1171.9
1234.4
1226.6
1117.2
1023.4
1179.7
1265.6
1164.1
1234.4
1375.0
1335.9
1179.7
1187.5
1335.9
1257.8
1093.8
1125.0
1265.6
1265.6
1179.7
1023.4
1093.8
1257.8
1242.2
1140.6
1023.4
1218.8
1328.1
1171.9
1062.5
1007.8
1312.5
1242.2
1093.8
1054.7
1234.4
1242.2
1164.1
953.1
953.1
1289.1
1273.4
1140.6
1015.6
1140.6
1210.9
1164.1
1054.7
1031.2
1164.1
1226.6
1156.2
1062.5
1101.6
1234.4
1218.8
1109.4
1101.6
1242.2
1296.9
1242.2
1132.8
1148.4
1218.8
1234.4
1187.5
1062.5
1093.8
1179.7
1218.8
1156.2
1070.3
1101.6
1226.6
1218.8
1179.7
1062.5
992.2
1164.1
1250.0
1132.8
1023.4
953.1
1156.2
1218.8
1164.1
1078.1
1054.7
1218.8
1234.4
1171.9
1093.8
1117.2
1109.4
1156.2
1101.6
1046.9
1210.9
1265.6
1210.9
1132.8
1015.6
1226.6
1234.4
1140.6
1000.0
968.8
1234.4
1226.6
1179.7
1046.9
1046.9
1226.6
1234.4
1148.4
1046.9
1179.7
1265.6
1226.6
1140.6
1046.9
1164.1
1203.1
1179.7
1085.9
1007.8
1179.7
1195.3
1179.7
1085.9
968.8
1203.1
1289.1
1242.2
1156.2
1054.7
1148.4
1195.3
1164.1
968.8
882.8
1179.7
1265.6
1226.6
1125.0
1125.0
1226.6
1257.8
1171.9
1046.9
1078.1
1218.8
1187.5
1164.1
1109.4
1062.5
1179.7
1218.8
1171.9
1078.1
1109.4
1289.1
1257.8
1171.9
1062.5
1007.8
1125.0
1109.4
1000.0
984.4
1273.4
1296.9
1203.1
1078.1
1093.8
1195.3
1226.6
1132.8
1023.4
929.7
1164.1
1250.0
1257.8
1132.8
1031.2
1187.5
1234.4
1171.9
1062.5
945.3
1132.8
1242.2
1234.4
1070.3
953.1
1179.7
1179.7
1187.5
1164.1
1054.7
1031.2
1250.0
1265.6
1203.1
1085.9
960.9
1164.1
1226.6
1179.7
1085.9
1031.2
1179.7
1171.9
1156.2
1046.9
1078.1
1171.9
1226.6
1179.7
1093.8
984.4
1203.1
1234.4
1210.9
1125.0
1078.1
1070.3
1171.9
1140.6
1062.5
1031.2
1179.7
1203.1
1187.5
1085.9
1093.8
1195.3
1203.1
1171.9
1109.4
1093.8
1226.6
1234.4
1171.9
1093.8
1070.3
1148.4
1187.5
1117.2
1031.2
1093.8
1265.6
1234.4
1195.3
1101.6
1101.6
1179.7
1171.9
1156.2
1070.3
1031.2
1210.9
1203.1
1156.2
1132.8
1164.1
1140.6
1109.4
1132.8
1273.4
1296.9
1257.8
1148.4
1140.6
1250.0
1265.6
1187.5
1109.4
1046.9
1195.3
1203.1
1109.4
1054.7
1101.6
1273.4
1203.1
1132.8
1156.2
1179.7
1140.6
1007.8
929.7
1078.1
1242.2
1171.9
1078.1
1093.8
1117.2
1148.4
1156.2
1085.9
1078.1
1140.6
1210.9
1156.2
1109.4
1085.9
1203.1
1226.6
1195.3
1093.8
1093.8
1210.9
1218.8
1156.2
1125.0
1171.9
1171.9
1171.9
1093.8
1101.6
1195.3
1218.8
1171.9
1109.4
1070.3
1210.9
1187.5
1125.0
1039.1
1171.9
1210.9
1226.6
1148.4
1132.8
1187.5
1257.8
1210.9
1117.2
1093.8
1171.9
1195.3
1117.2
1070.3
1132.8
1226.6
1148.4
1085.9
1054.7
1187.5
1210.9
1187.5
1070.3
1000.0
1179.7
1203.1
1101.6
1000.0
1007.8
1273.4
1257.8
1234.4
1125.0
1078.1
1203.1
1218.8
1171.9
1117.2
1023.4
1195.3
1203.1
1203.1
1085.9
1093.8
1179.7
1242.2
1171.9
1132.8
1125.0
1203.1
1195.3
1132.8
1070.3
1195.3
1203.1
1164.1
1054.7
1125.0
1226.6
1203.1
1140.6
1046.9
1039.1
1187.5
1234.4
1203.1
1101.6
1015.6
1203.1
1226.6
1203.1
1117.2
1039.1
1179.7
1195.3
1164.1
1062.5
984.4
1187.5
1257.8
1218.8
1132.8
1046.9
1203.1
1210.9
1171.9
1117.2
1062.5
1156.2
1132.8
1125.0
1070.3
1039.1
1203.1
1242.2
1187.5
1117.2
1070.3
1187.5
1234.4
1195.3
1117.2
1078.1
1195.3
1234.4
1156.2
1054.7
1234.4
1234.4
1218.8
1148.4
1007.8
1179.7
1242.2
1210.9
1125.0
1117.2
1250.0
1289.1
1210.9
1132.8
1054.7
1195.3
1257.8
1218.8
1140.6
1031.2
1210.9
1234.4
1242.2
1140.6
1078.1
1210.9
1234.4
1203.1
1109.4
1062.5
1234.4
1234.4
1164.1
1109.4
1085.9
1265.6
1250.0
1195.3
1109.4
1007.8
1140.6
1210.9
1218.8
1117.2
1070.3
1203.1
1242.2
1203.1
1109.4
1070.3
1218.8
1242.2
1210.9
1132.8
1054.7
1195.3
1226.6
1195.3
1101.6
1070.3
1210.9
1250.0
1195.3
1117.2
1070.3
1195.3
1226.6
1179.7
1125.0
1046.9
1015.6
1226.6
1226.6
1171.9
1132.8
1179.7
1328.1
1320.3
1203.1
1101.6
1250.0
1265.6
1203.1
1109.4
1062.5
1132.8
1171.9
1078.1
1000.0
1281.2
1304.7
1195.3
1070.3
1070.3
1257.8
1203.1
1125.0
1023.4
1023.4
1273.4
1242.2
1164.1
1046.9
1015.6
1304.7
1273.4
1195.3
1109.4
1062.5
1281.2
1250.0
1171.9
1062.5
1007.8
1140.6
1195.3
1132.8
1101.6
1093.8
1265.6
1234.4
1109.4
1007.8
1265.6
1273.4
1203.1
1093.8
1046.9
1234.4
1265.6
1156.2
1054.7
1007.8
1171.9
1234.4
1148.4
1031.2
1000.0
1234.4
1304.7
1187.5
1078.1
1015.6
1125.0
1250.0
1250.0
1117.2
1000.0
1226.6
1257.8
1210.9
1132.8
1125.0
1234.4
1250.0
1203.1
1046.9
960.9
1039.1
1273.4
1242.2
1156.2
1046.9
1039.1
1203.1
1218.8
1148.4
1054.7
1031.2
1171.9
1226.6
1171.9
1101.6
1054.7
1164.1
1234.4
1171.9
1101.6
1031.2
1234.4
1242.2
1156.2
1039.1
953.1
1257.8
1257.8
1195.3
1109.4
1046.9
1226.6
1187.5
1109.4
1023.4
1085.9
1203.1
1218.8
1101.6
1070.3
1210.9
1187.5
1078.1
960.9
1101.6
1273.4
1187.5
1031.2
929.7
1046.9
1226.6
1195.3
1062.5
984.4
1187.5
1242.2
1179.7
1054.7
1000.0
1078.1
1250.0
1179.7
1070.3
1023.4
1101.6
1210.9
1125.0
1046.9
1015.6
1273.4
1195.3
1070.3
960.9
968.8
1281.2
1226.6
1117.2
976.6
945.3
921.9
984.4
968.8
921.9
929.7
1296.9
1304.7
1187.5
1117.2
1148.4
1210.9
1171.9
1046.9
937.5
937.5
1281.2
1234.4
1187.5
1062.5
992.2
1164.1
1210.9
1148.4
1070.3
914.1
1179.7
1226.6
1195.3
1101.6
1000.0
1250.0
1265.6
1203.1
1078.1
1054.7
1054.7
1187.5
1164.1
1125.0
1109.4
1140.6
1187.5
1179.7
1125.0
1070.3
1210.9
1210.9
1148.4
1085.9
1046.9
1156.2
1203.1
1125.0
1054.7
1000.0
1070.3
1179.7
1140.6
1039.1
898.4
898.4
1171.9
1148.4
1039.1
906.2
859.4
1015.6
1273.4
1187.5
1062.5
921.9
960.9
1140.6
1132.8
1046.9
929.7
843.8
914.1
1296.9
1203.1
1132.8
1015.6
1031.2
1031.2
960.9
914.1
976.6
1031.2
945.3
929.7
1210.9
1101.6
1070.3
992.2
914.1
906.2
1031.2
1109.4
1015.6
921.9
968.8
1148.4
1031.2
960.9
875.0
914.1
968.8
929.7
906.2
984.4
992.2
945.3
906.2
1054.7
1101.6
1000.0
890.6
851.6
875.0
921.9
875.0
835.9
804.7
796.9
835.9
1007.8
937.5
828.1
820.3
820.3
953.1
921.9
859.4
820.3
812.5
882.8
984.4
945.3
867.2
812.5
812.5
859.4
914.1
898.4
968.8
914.1
945.3
953.1
1015.6
1039.1
976.6
921.9
953.1
976.6
976.6
945.3
906.2
1007.8
1039.1
1023.4
945.3
914.1
945.3
1039.1
1078.1
984.4
937.5
968.8
1046.9
1078.1
1007.8
968.8
1070.3
1148.4
1039.1
937.5
882.8
960.9
1304.7
1132.8
968.8
859.4
835.9
890.6
1039.1
960.9
859.4
851.6
960.9
1062.5
1031.2
906.2
843.8
828.1
835.9
1015.6
1085.9
968.8
929.7
1117.2
1203.1
1164.1
1062.5
1023.4
1046.9
1117.2
1070.3
976.6
984.4
1046.9
1125.0
1093.8
1023.4
1007.8
1109.4
1093.8
1101.6
1054.7
992.2
976.6
1187.5
1140.6
1046.9
1000.0
1015.6
1195.3
1140.6
1070.3
1000.0
1039.1
1148.4
1109.4
1054.7
992.2
1148.4
1140.6
1078.1
984.4
937.5
968.8
1039.1
1007.8
945.3
953.1
984.4
960.9
914.1
867.2
843.8
867.2
875.0
867.2
867.2
835.9
820.3
835.9
914.1
1062.5
1000.0
914.1
921.9
1070.3
1070.3
1046.9
968.8
890.6
921.9
976.6
914.1
890.6
890.6
890.6
953.1
1179.7
1195.3
1140.6
1093.8
1031.2
992.2
1007.8
1039.1
1000.0
914.1
914.1
1000.0
1062.5
1015.6
953.1
1023.4
1164.1
1101.6
1023.4
1085.9
1117.2
1093.8
1062.5
1015.6
1132.8
1125.0
1023.4
937.5
906.2
1023.4
1171.9
1109.4
1054.7
1000.0
1085.9
1109.4
1093.8
992.2
929.7
906.2
1171.9
1187.5
1171.9
1062.5
960.9
968.8
1101.6
1125.0
1109.4
1023.4
1031.2
1085.9
1109.4
1101.6
1062.5
1085.9
1140.6
1125.0
1078.1
1023.4
1125.0
1140.6
1078.1
992.2
960.9
1062.5
1132.8
1125.0
1007.8
906.2
953.1
1093.8
1164.1
1117.2
976.6
906.2
976.6
1164.1
1070.3
984.4
898.4
867.2
929.7
1156.2
1125.0
1085.9
1039.1
1039.1
1085.9
1132.8
1109.4
1054.7
1101.6
1132.8
1070.3
1000.0
1085.9
1140.6
1132.8
1085.9
1007.8
1046.9
1117.2
1093.8
1054.7
1039.1
1265.6
1179.7
1093.8
1015.6
1148.4
1179.7
1140.6
1015.6
945.3
882.8
859.4
945.3
1203.1
1054.7
968.8
1039.1
1140.6
1140.6
1015.6
929.7
867.2
906.2
1164.1
1109.4
1000.0
906.2
875.0
1109.4
1148.4
1109.4
1054.7
960.9
890.6
953.1
1179.7
1085.9
1000.0
898.4
835.9
960.9
1156.2
1070.3
976.6
867.2
843.8
898.4
851.6
828.1
796.9
789.1
828.1
1250.0
1187.5
1101.6
976.6
898.4
1132.8
1078.1
1015.6
1007.8
984.4
1109.4
1140.6
1117.2
1078.1
1054.7
1132.8
1140.6
1062.5
1023.4
1187.5
1187.5
1140.6
1078.1
1054.7
1171.9
1132.8
1054.7
968.8
1203.1
1226.6
1156.2
1000.0
937.5
1054.7
1179.7
1132.8
968.8
953.1
1140.6
1195.3
1132.8
1015.6
890.6
945.3
1023.4
1132.8
1101.6
1000.0
1046.9
1226.6
1195.3
1101.6
953.1
953.1
1156.2
1140.6
1101.6
1046.9
1023.4
1125.0
1156.2
1101.6
1062.5
1046.9
1117.2
1109.4
1085.9
992.2
992.2
1179.7
1117.2
1101.6
960.9
906.2
1031.2
1210.9
1164.1
1117.2
992.2
890.6
890.6
914.1
906.2
835.9
796.9
773.4
750.0
742.2
734.4
726.6
726.6
734.4
750.0
757.8
5171.9
718.8
710.9
718.8
703.1
726.6
726.6
726.6
718.8
742.2
750.0
789.1
1023.4
1148.4
1148.4
1132.8
1328.1
1335.9
1289.1
1226.6
1281.2
1179.7
1226.6
1195.3
1210.9
1328.1
1328.1
1218.8
1101.6
1054.7
1156.2
1226.6
1203.1
1109.4
1140.6
1195.3
1171.9
1117.2
1007.8
984.4
1179.7
1125.0
1132.8
1039.1
1007.8
1132.8
1140.6
1132.8
1070.3
890.6
820.3
867.2
1328.1
1171.9
1109.4
1078.1
1039.1
1148.4
1078.1
1117.2
1078.1
1140.6
1195.3
1171.9
1125.0
1062.5
1132.8
1179.7
1171.9
1164.1
1187.5
1195.3
1148.4
1156.2
1171.9
1195.3
1109.4
1171.9
1179.7
1093.8
1054.7
1125.0
1109.4
1015.6
914.1
1062.5
1171.9
1093.8
1007.8
976.6
867.2
835.9
843.8
835.9
1195.3
1195.3
1125.0
992.2
976.6
1054.7
1062.5
1000.0
945.3
1140.6
1187.5
1203.1
1101.6
1039.1
1148.4
1125.0
1093.8
984.4
1039.1
1140.6
1117.2
1007.8
1070.3
1148.4
1117.2
1054.7
984.4
1148.4
1148.4
1093.8
984.4
921.9
1054.7
1109.4
1085.9
968.8
914.1
1070.3
1093.8
1015.6
882.8
859.4
1015.6
1054.7
1000.0
960.9
906.2
898.4
984.4
1125.0
1125.0
1070.3
1000.0
1054.7
1070.3
1031.2
1007.8
1117.2
1101.6
1031.2
1039.1
1054.7
1070.3
976.6
984.4
1007.8
1132.8
1039.1
945.3
1015.6
1085.9
1054.7
937.5
890.6
953.1
976.6
929.7
882.8
851.6
890.6
1039.1
1101.6
1062.5
953.1
914.1
1031.2
1054.7
1085.9
1031.2
914.1
859.4
1023.4
1125.0
1054.7
976.6
898.4
1046.9
1179.7
1156.2
1085.9
1015.6
1015.6
1039.1
1054.7
984.4
984.4
1078.1
1132.8
1125.0
1054.7
1054.7
1140.6
1140.6
1093.8
1054.7
1085.9
1101.6
1031.2
929.7
1000.0
1062.5
1000.0
914.1
859.4
820.3
875.0
984.4
1093.8
1101.6
1054.7
1070.3
1101.6
1125.0
1101.6
1015.6
976.6
1132.8
1156.2
1140.6
1093.8
1031.2
1171.9
1171.9
1195.3
1164.1
1117.2
1125.0
1171.9
1156.2
1140.6
1078.1
1164.1
1171.9
1171.9
1117.2
1062.5
1109.4
1117.2
1031.2
921.9
1046.9
1250.0
1164.1
1000.0
1023.4
1132.8
1109.4
1070.3
921.9
890.6
937.5
1015.6
1023.4
1000.0
921.9
976.6
1078.1
968.8
812.5
796.9
882.8
1257.8
1187.5
1062.5
1093.8
1117.2
1171.9
1171.9
1031.2
1023.4
984.4
1078.1
1093.8
1015.6
898.4
976.6
945.3
1023.4
1054.7
984.4
1023.4
1031.2
1062.5
1078.1
1031.2
937.5
1078.1
1125.0
1148.4
1125.0
1054.7
1000.0
1085.9
1109.4
1078.1
1062.5
1140.6
1164.1
1132.8
1109.4
1148.4
1164.1
1125.0
1070.3
1171.9
1171.9
1156.2
1093.8
1203.1
1195.3
1132.8
1046.9
1179.7
1164.1
1078.1
960.9
968.8
1164.1
1195.3
1031.2
898.4
851.6
921.9
1054.7
1070.3
968.8
945.3
976.6
960.9
890.6
835.9
804.7
953.1
1148.4
1125.0
1101.6
992.2
953.1
1101.6
1148.4
1164.1
1125.0
1093.8
1054.7
1117.2
1132.8
1101.6
1046.9
976.6
1140.6
1164.1
1148.4
1140.6
1054.7
1000.0
1062.5
1125.0
1078.1
1062.5
992.2
929.7
1109.4
1101.6
1093.8
1078.1
968.8
937.5
937.5
968.8
992.2
953.1
937.5
1148.4
1132.8
1109.4
992.2
906.2
1031.2
1046.9
1023.4
953.1
890.6
875.0
1023.4
1085.9
1023.4
960.9
921.9
859.4
960.9
992.2
960.9
960.9
945.3
882.8
984.4
1046.9
1101.6
1093.8
1023.4
976.6
1078.1
1164.1
1179.7
1140.6
1039.1
1093.8
1062.5
1054.7
960.9
890.6
1156.2
1164.1
1140.6
1062.5
953.1
1031.2
1132.8
1078.1
1046.9
914.1
867.2
945.3
1085.9
1078.1
1023.4
937.5
1023.4
1140.6
1093.8
1078.1
945.3
882.8
1031.2
1085.9
1125.0
1085.9
921.9
843.8
781.2
765.6
757.8
726.6
765.6
914.1
1351.6
1250.0
1125.0
1265.6
1242.2
1187.5
1179.7
1078.1
1179.7
1187.5
1210.9
1156.2
1039.1
1031.2
1257.8
1226.6
1179.7
1070.3
1078.1
1242.2
1226.6
1164.1
1070.3
968.8
1242.2
1218.8
1203.1
1140.6
1046.9
992.2
1234.4
1218.8
1187.5
1140.6
953.1
984.4
1218.8
1171.9
1164.1
1062.5
1101.6
1203.1
1210.9
1156.2
1023.4
914.1
1031.2
1273.4
1210.9
1140.6
1015.6
945.3
1242.2
1195.3
1085.9
968.8
859.4
992.2
1023.4
1148.4
1117.2
968.8
953.1
960.9
1023.4
953.1
882.8
1015.6
1023.4
1015.6
953.1
875.0
992.2
1195.3
1210.9
1156.2
1171.9
1203.1
1187.5
1125.0
1070.3
1031.2
1148.4
1156.2
1148.4
1085.9
1015.6
1140.6
1164.1
1140.6
1078.1
992.2
906.2
1203.1
1257.8
1234.4
1187.5
1070.3
1046.9
1210.9
1187.5
1187.5
1085.9
984.4
1210.9
1234.4
1179.7
1171.9
1046.9
953.1
1179.7
1140.6
1117.2
1109.4
1007.8
1187.5
1179.7
1132.8
1093.8
1007.8
1000.0
1218.8
1187.5
1164.1
1093.8
1015.6
1179.7
1234.4
1179.7
1109.4
992.2
1093.8
1101.6
1085.9
1078.1
1000.0
937.5
1125.0
1148.4
1148.4
1093.8
992.2
976.6
1109.4
1179.7
1156.2
1109.4
1062.5
1164.1
1156.2
1164.1
1109.4
1023.4
1203.1
1179.7
1187.5
1109.4
992.2
1039.1
1109.4
1148.4
1140.6
1078.1
1085.9
1210.9
1218.8
1171.9
1125.0
1062.5
1156.2
1164.1
1148.4
1078.1
968.8
1039.1
1156.2
1148.4
1117.2
1054.7
1015.6
1195.3
1210.9
1164.1
1085.9
1054.7
1171.9
1218.8
1171.9
1109.4
976.6
992.2
1015.6
1054.7
1015.6
953.1
1062.5
1242.2
1234.4
1156.2
1039.1
1101.6
1179.7
1187.5
1125.0
1039.1
1054.7
1195.3
1218.8
1187.5
1085.9
1039.1
1195.3
1156.2
1132.8
1054.7
1015.6
1210.9
1257.8
1195.3
1085.9
1046.9
1195.3
1195.3
1234.4
1109.4
968.8
1023.4
1242.2
1234.4
1195.3
1046.9
1054.7
1132.8
1164.1
1125.0
1039.1
1007.8
1164.1
1140.6
1140.6
1109.4
1062.5
1203.1
1164.1
1140.6
1007.8
937.5
1054.7
1148.4
1125.0
1093.8
992.2
1039.1
1148.4
1164.1
1101.6
960.9
953.1
1109.4
1156.2
1093.8
937.5
851.6
1023.4
1117.2
1093.8
1109.4
1054.7
1070.3
1218.8
1203.1
1164.1
1062.5
1023.4
1125.0
1171.9
1171.9
1156.2
1101.6
1101.6
1210.9
1203.1
1164.1
1101.6
1054.7
1179.7
1171.9
1140.6
984.4
921.9
1187.5
1226.6
1195.3
1179.7
1093.8
1195.3
1203.1
1156.2
1062.5
1007.8
1179.7
1226.6
1187.5
1117.2
1046.9
1195.3
1195.3
1164.1
1109.4
1046.9
1179.7
1210.9
1171.9
1140.6
1054.7
1085.9
1203.1
1195.3
1156.2
1093.8
1046.9
1164.1
1195.3
1164.1
1093.8
1015.6
1179.7
1226.6
1179.7
1140.6
1085.9
1054.7
1164.1
1195.3
1179.7
1093.8
1078.1
1195.3
1203.1
1171.9
1093.8
1046.9
1203.1
1148.4
960.9
843.8
812.5
789.1
773.4
757.8
789.1
804.7
781.2
804.7
867.2
1273.4
1203.1
1109.4
945.3
890.6
968.8
1148.4
1187.5
1125.0
1234.4
1296.9
1273.4
1210.9
1117.2
1171.9
1242.2
1234.4
1148.4
1070.3
1062.5
1218.8
1210.9
1164.1
1101.6
1070.3
1171.9
1171.9
1164.1
1085.9
1054.7
1257.8
1234.4
1179.7
1117.2
1171.9
1226.6
1210.9
1156.2
1093.8
1062.5
1187.5
1140.6
1132.8
1078.1
1046.9
1156.2
1179.7
1148.4
1062.5
1007.8
1171.9
1148.4
1132.8
1062.5
1054.7
1078.1
1171.9
1171.9
1109.4
1101.6
1210.9
1218.8
1140.6
1062.5
1101.6
1187.5
1203.1
1140.6
1070.3
1039.1
1203.1
1187.5
1148.4
1054.7
1015.6
1070.3
1078.1
1015.6
890.6
843.8
937.5
1046.9
1117.2
1023.4
1078.1
1218.8
1187.5
1078.1
1015.6
1179.7
1164.1
1132.8
1046.9
929.7
1023.4
1125.0
1164.1
1101.6
1078.1
1257.8
1226.6
1171.9
1085.9
1093.8
1195.3
1179.7
1171.9
1078.1
1007.8
1179.7
1179.7
1179.7
1101.6
1062.5
1179.7
1171.9
1156.2
1093.8
1031.2
1125.0
1156.2
1132.8
1046.9
1015.6
1164.1
1179.7
1140.6
1046.9
992.2
1140.6
1171.9
1117.2
1023.4
960.9
1156.2
1218.8
1164.1
1101.6
1015.6
1093.8
1109.4
1078.1
1007.8
992.2
1085.9
1140.6
1125.0
1062.5
1015.6
1242.2
1195.3
1171.9
1093.8
1070.3
1179.7
1171.9
1148.4
1062.5
1046.9
1156.2
1179.7
1156.2
1078.1
1078.1
1132.8
1117.2
1070.3
960.9
906.2
984.4
1039.1
1101.6
1054.7
1015.6
1234.4
1210.9
1085.9
976.6
890.6
1062.5
1125.0
1125.0
1078.1
1085.9
1203.1
1195.3
1156.2
1054.7
1000.0
1125.0
1132.8
1125.0
1046.9
1015.6
1187.5
1171.9
1179.7
1062.5
1023.4
1179.7
1140.6
1117.2
1070.3
1101.6
1132.8
1109.4
1054.7
1000.0
1062.5
1195.3
1195.3
1171.9
1023.4
1015.6
1101.6
1109.4
1039.1
968.8
1171.9
1210.9
1156.2
1093.8
1109.4
1187.5
1210.9
1117.2
1062.5
1062.5
1156.2
1179.7
1132.8
1078.1
1039.1
1156.2
1156.2
1148.4
1078.1
1007.8
1140.6
1171.9
1148.4
1062.5
1039.1
1164.1
1195.3
1164.1
1085.9
1070.3
1148.4
1164.1
1140.6
1054.7
1007.8
1156.2
1179.7
1156.2
1078.1
1039.1
1156.2
1148.4
1125.0
1031.2
1039.1
1171.9
1179.7
1140.6
1085.9
1085.9
1195.3
1164.1
1140.6
1070.3
1007.8
1156.2
1156.2
1164.1
1101.6
1078.1
1148.4
1132.8
1117.2
1039.1
953.1
1070.3
1117.2
1109.4
1039.1
1000.0
1156.2
1132.8
1109.4
1015.6
976.6
1125.0
1148.4
1148.4
1070.3
1023.4
1125.0
1132.8
1117.2
1000.0
945.3
1046.9
1195.3
1179.7
1125.0
1117.2
1179.7
1187.5
1117.2
1054.7
1054.7
1187.5
1171.9
1132.8
1031.2
1078.1
1164.1
1187.5
1070.3
992.2
1148.4
1218.8
1179.7
1140.6
1179.7
1210.9
1195.3
1140.6
1070.3
1132.8
1171.9
1140.6
1054.7
1085.9
1117.2
1101.6
1093.8
1062.5
1062.5
1203.1
1203.1
1164.1
1085.9
1007.8
1078.1
1164.1
1148.4
1070.3
1039.1
1195.3
1218.8
1171.9
1109.4
1101.6
1179.7
1195.3
1164.1
1085.9
1125.0
1195.3
1187.5
1148.4
1070.3
1078.1
1148.4
1156.2
1132.8
1054.7
1046.9
1125.0
1140.6
1140.6
1062.5
1046.9
1117.2
1164.1
1125.0
1085.9
1070.3
1140.6
1171.9
1140.6
1109.4
1085.9
1179.7
1156.2
1125.0
1062.5
1070.3
1171.9
1179.7
1140.6
1046.9
1093.8
1195.3
1187.5
1085.9
960.9
1015.6
1070.3
1085.9
1031.2
1039.1
1062.5
1070.3
1039.1
968.8
1046.9
1101.6
1054.7
1031.2
945.3
1031.2
1117.2
1101.6
984.4
960.9
1101.6
1210.9
1148.4
1078.1
1062.5
1148.4
1117.2
1085.9
1031.2
1046.9
1171.9
1171.9
1171.9
1117.2
1078.1
1164.1
1218.8
1195.3
1109.4
1109.4
1195.3
1210.9
1140.6
1101.6
1070.3
1164.1
1179.7
1148.4
1085.9
1078.1
1148.4
1148.4
1156.2
1078.1
1078.1
1156.2
1156.2
1148.4
1062.5
1031.2
1156.2
1179.7
1148.4
1070.3
1031.2
1109.4
1156.2
1109.4
1039.1
1039.1
1109.4
1117.2
1132.8
1015.6
1054.7
1109.4
1117.2
1085.9
1046.9
1101.6
1164.1
1164.1
1093.8
1054.7
1132.8
1140.6
1125.0
1078.1
1039.1
1148.4
1171.9
1132.8
1078.1
1078.1
1132.8
1171.9
1148.4
1085.9
1039.1
1164.1
1148.4
1132.8
1078.1
1078.1
1148.4
1195.3
968.8
1312.5
1101.6
1203.1
1195.3
1164.1
1125.0
1117.2
1226.6
1210.9
1179.7
1093.8
1109.4
1203.1
1195.3
1171.9
1085.9
1070.3
1171.9
1179.7
1132.8
1046.9
1046.9
1195.3
1164.1
1125.0
1078.1
1039.1
1171.9
1164.1
1109.4
1039.1
1054.7
1164.1
1171.9
1132.8
1085.9
1054.7
1093.8
1078.1
1015.6
1000.0
1023.4
1203.1
1218.8
1195.3
1156.2
1148.4
1195.3
1195.3
1132.8
1054.7
945.3
1187.5
1210.9
1210.9
1171.9
1117.2
1179.7
1203.1
1195.3
1148.4
1140.6
1179.7
1179.7
1093.8
1117.2
1210.9
1218.8
1179.7
1125.0
1156.2
1156.2
1140.6
1101.6
1054.7
1171.9
1171.9
1164.1
1070.3
1078.1
1101.6
1156.2
1148.4
1085.9
1132.8
1195.3
1171.9
1132.8
1132.8
1234.4
1218.8
1164.1
1054.7
1062.5
1179.7
1195.3
1148.4
1031.2
1062.5
1164.1
1179.7
1156.2
1117.2
1203.1
1171.9
1101.6
1015.6
1000.0
1132.8
1164.1
1140.6
1085.9
1250.0
1257.8
1210.9
1093.8
1148.4
1195.3
1171.9
1109.4
1015.6
1132.8
1148.4
1140.6
1062.5
1039.1
1140.6
1179.7
1156.2
1117.2
1085.9
1164.1
1164.1
1156.2
1101.6
1093.8
1164.1
1195.3
1187.5
1093.8
1078.1
1203.1
1187.5
1164.1
1054.7
1031.2
1187.5
1148.4
1109.4
1039.1
1132.8
1226.6
1203.1
1132.8
1117.2
1140.6
1164.1
1132.8
1039.1
1078.1
1210.9
1171.9
1156.2
1039.1
1070.3
1117.2
1140.6
1093.8
1140.6
1195.3
1203.1
1164.1
1085.9
1156.2
1242.2
1203.1
1117.2
1109.4
1218.8
1226.6
1195.3
1140.6
1132.8
1203.1
1218.8
1171.9
1101.6
1054.7
1218.8
1210.9
1179.7
1078.1
1085.9
1226.6
1218.8
1140.6
1062.5
1093.8
1132.8
1109.4
1070.3
929.7
937.5
1023.4
1210.9
1140.6
1125.0
1132.8
1156.2
1125.0
976.6
890.6
992.2
1148.4
1101.6
1039.1
1093.8
1234.4
1226.6
1156.2
1132.8
1164.1
1171.9
1148.4
1109.4
1117.2
1226.6
1226.6
1179.7
1070.3
1078.1
1195.3
1195.3
1187.5
1140.6
1148.4
1218.8
1210.9
1195.3
1085.9
1125.0
1203.1
1187.5
1140.6
1101.6
1203.1
1171.9
1140.6
1070.3
1117.2
1195.3
1203.1
1109.4
1085.9
1210.9
1226.6
1164.1
1109.4
1125.0
1195.3
1195.3
1171.9
1101.6
1187.5
1195.3
1179.7
1101.6
1023.4
1171.9
1226.6
1156.2
1125.0
1156.2
1210.9
1210.9
1164.1
1093.8
1093.8
1234.4
1210.9
1187.5
1093.8
1164.1
1179.7
1187.5
1140.6
1101.6
1179.7
1195.3
1187.5
1125.0
1125.0
1203.1
1203.1
1156.2
1117.2
1125.0
1195.3
1218.8
1179.7
1101.6
1117.2
1203.1
1179.7
1148.4
1109.4
1125.0
1210.9
1179.7
1156.2
1085.9
1093.8
1195.3
1187.5
1164.1
1117.2
1156.2
1195.3
1187.5
1109.4
1101.6
1179.7
1210.9
1164.1
1109.4
1148.4
1179.7
1187.5
1117.2
1093.8
1210.9
1210.9
1132.8
992.2
1054.7
1132.8
1164.1
1117.2
1132.8
1195.3
1218.8
1187.5
1117.2
1093.8
1203.1
1218.8
1156.2
1085.9
1187.5
1234.4
1218.8
1148.4
1117.2
1148.4
1164.1
1164.1
1148.4
1148.4
1210.9
1187.5
1148.4
1093.8
1140.6
1203.1
1179.7
1101.6
1093.8
1171.9
1179.7
1125.0
1078.1
1117.2
1195.3
1156.2
1148.4
1078.1
1164.1
1179.7
1187.5
1101.6
1117.2
1203.1
1250.0
1203.1
1164.1
1156.2
1226.6
1234.4
1179.7
1109.4
1125.0
1164.1
1164.1
1140.6
1093.8
1187.5
1179.7
1195.3
1148.4
1140.6
1218.8
1226.6
1171.9
1093.8
1164.1
1234.4
1218.8
1148.4
1078.1
1187.5
1218.8
1187.5
1125.0
1132.8
1210.9
1218.8
1171.9
1117.2
1164.1
1156.2
1148.4
1101.6
1046.9
1210.9
1203.1
1203.1
1156.2
1156.2
1218.8
1234.4
1195.3
1085.9
1195.3
1273.4
1250.0
1226.6
1148.4
1156.2
1234.4
1218.8
1171.9
1062.5
1070.3
1210.9
1234.4
1171.9
1093.8
1125.0
1234.4
1226.6
1179.7
1101.6
1093.8
1171.9
1195.3
1187.5
1132.8
1187.5
1250.0
1250.0
1203.1
1125.0
1148.4
1234.4
1171.9
1132.8
1093.8
1117.2
1234.4
1210.9
1187.5
1101.6
1132.8
1195.3
1195.3
1109.4
1078.1
1171.9
1226.6
1195.3
1132.8
1015.6
1132.8
1242.2
1242.2
1210.9
1164.1
1203.1
1257.8
1250.0
1195.3
1164.1
1195.3
1210.9
1195.3
1117.2
1125.0
1171.9
1226.6
1195.3
1125.0
1218.8
1218.8
1164.1
1125.0
1164.1
1226.6
1195.3
1140.6
1156.2
1226.6
1195.3
1164.1
1070.3
1171.9
1242.2
1210.9
1132.8
1164.1
1234.4
1226.6
1140.6
1085.9
1156.2
1179.7
1132.8
1039.1
1093.8
1218.8
1257.8
1140.6
1140.6
1195.3
1234.4
1156.2
1164.1
1265.6
1210.9
1140.6
1000.0
1093.8
1132.8
1078.1
937.5
1054.7
1179.7
1242.2
1210.9
1250.0
1234.4
1171.9
1093.8
1132.8
1218.8
1218.8
1148.4
1171.9
1218.8
1226.6
1156.2
1109.4
1195.3
1257.8
1218.8
1140.6
1164.1
1226.6
1203.1
1148.4
1039.1
1171.9
1171.9
1148.4
1164.1
1125.0
1210.9
1257.8
1218.8
1171.9
1171.9
1242.2
1218.8
1195.3
1140.6
1218.8
1226.6
1218.8
1156.2
1179.7
1234.4
1218.8
1164.1
1093.8
1125.0
1203.1
1203.1
1125.0
1070.3
1171.9
1195.3
1179.7
1125.0
1164.1
1226.6
1195.3
1085.9
1007.8
1062.5
1148.4
1132.8
1054.7
1117.2
1210.9
1187.5
1117.2
1117.2
1179.7
1179.7
1195.3
1156.2
1195.3
1226.6
1234.4
1187.5
1148.4
1195.3
1203.1
1203.1
1164.1
1156.2
1218.8
1164.1
1093.8
1007.8
1054.7
1250.0
1265.6
1164.1
1132.8
1218.8
1257.8
1218.8
1156.2
1187.5
1210.9
1187.5
1148.4
1132.8
1203.1
1218.8
1148.4
1078.1
1093.8
1234.4
1218.8
1171.9
1109.4
1203.1
1250.0
1234.4
1148.4
1140.6
1210.9
1226.6
1156.2
1046.9
1226.6
1226.6
1226.6
1164.1
1234.4
1242.2
1242.2
1187.5
1171.9
1234.4
1234.4
1195.3
1117.2
1171.9
1250.0
1242.2
1148.4
1140.6
1242.2
1242.2
1210.9
1117.2
1140.6
1226.6
1234.4
1179.7
1242.2
1265.6
1250.0
1179.7
1179.7
1273.4
1234.4
1156.2
1085.9
1085.9
1226.6
1210.9
1171.9
1140.6
1148.4
1203.1
1218.8
1164.1
1109.4
1171.9
1250.0
1234.4
1187.5
1117.2
1171.9
1273.4
1226.6
1203.1
1132.8
1203.1
1250.0
1210.9
1078.1
1125.0
1195.3
1195.3
1179.7
1132.8
1203.1
1273.4
1242.2
1171.9
1132.8
1187.5
1218.8
1179.7
1140.6
1140.6
1226.6
1218.8
1156.2
1164.1
1203.1
1187.5
1078.1
1000.0
1210.9
1218.8
1218.8
1109.4
968.8
1062.5
1171.9
1140.6
1164.1
1289.1
1328.1
1281.2
1234.4
1250.0
1273.4
1203.1
1117.2
1164.1
1226.6
1218.8
1210.9
1164.1
1195.3
1273.4
1242.2
1179.7
1156.2
1250.0
1234.4
1171.9
1171.9
1265.6
1242.2
1171.9
1140.6
1132.8
1195.3
1187.5
1125.0
1148.4
1250.0
1257.8
1203.1
1164.1
1164.1
1257.8
1226.6
1140.6
1156.2
1257.8
1257.8
1226.6
1156.2
1164.1
1265.6
1242.2
1164.1
1171.9
1218.8
1179.7
1132.8
1070.3
1195.3
1242.2
1195.3
1109.4
1171.9
1242.2
1234.4
1164.1
1132.8
1203.1
1218.8
1179.7
1117.2
1156.2
1257.8
1281.2
1273.4
1195.3
1242.2
1257.8
1250.0
1179.7
1156.2
1250.0
1242.2
1195.3
1148.4
1179.7
1304.7
1242.2
1195.3
1140.6
1164.1
1250.0
1203.1
1210.9
1164.1
1242.2
1281.2
1242.2
1164.1
1218.8
1250.0
1210.9
1218.8
1156.2
1140.6
1257.8
1226.6
1171.9
1164.1
1203.1
1210.9
1203.1
1156.2
1187.5
1203.1
1195.3
1148.4
1148.4
1179.7
1171.9
1148.4
1078.1
1125.0
1289.1
1304.7
1289.1
1210.9
1218.8
1289.1
1218.8
1203.1
1140.6
1148.4
1281.2
1234.4
1210.9
1148.4
1187.5
1296.9
1296.9
1218.8
1156.2
1156.2
1226.6
1234.4
1203.1
1203.1
1273.4
1250.0
1195.3
1164.1
1195.3
1234.4
1257.8
1210.9
1226.6
1289.1
1250.0
1164.1
1148.4
1195.3
1257.8
1195.3
1109.4
1195.3
1242.2
1203.1
1156.2
1109.4
1210.9
1242.2
1164.1
1125.0
1179.7
1289.1
1218.8
1195.3
1046.9
1109.4
1242.2
1210.9
1179.7
1132.8
1125.0
1218.8
1171.9
1140.6
1156.2
1234.4
1218.8
1179.7
1195.3
1218.8
1218.8
1210.9
1140.6
1164.1
1250.0
1226.6
1187.5
1187.5
1296.9
1281.2
1218.8
1187.5
1093.8
1218.8
1242.2
1234.4
1234.4
1187.5
1265.6
1296.9
1265.6
1234.4
1164.1
1187.5
1250.0
1281.2
1234.4
1164.1
1210.9
1242.2
1210.9
1164.1
1171.9
1250.0
1242.2
1195.3
1156.2
1195.3
1195.3
1187.5
1179.7
1203.1
1328.1
1296.9
1210.9
1242.2
1289.1
1281.2
1210.9
1195.3
1281.2
1218.8
1218.8
1187.5
1187.5
1218.8
1234.4
1210.9
1140.6
1187.5
1242.2
1226.6
1156.2
1156.2
1250.0
1210.9
1187.5
1046.9
1054.7
1250.0
1210.9
1148.4
1148.4
1164.1
1171.9
1125.0
1203.1
1265.6
1242.2
1187.5
1156.2
1242.2
1257.8
1203.1
1140.6
1250.0
1273.4
1218.8
1164.1
1164.1
1265.6
1281.2
1187.5
1171.9
1226.6
1250.0
1226.6
1187.5
1218.8
1250.0
1195.3
1156.2
1171.9
1296.9
1304.7
1257.8
1171.9
1210.9
1265.6
1234.4
1164.1
1179.7
1226.6
1218.8
1156.2
1148.4
1257.8
1273.4
1195.3
1195.3
1273.4
1226.6
1140.6
1031.2
1203.1
1226.6
1210.9
1156.2
1203.1
1257.8
1226.6
1179.7
1187.5
1250.0
1273.4
1195.3
1148.4
1093.8
1195.3
1164.1
1101.6
1070.3
1289.1
1273.4
1226.6
1164.1
1218.8
1218.8
1210.9
1156.2
1179.7
1257.8
1250.0
1218.8
1164.1
1195.3
1234.4
1234.4
1195.3
1156.2
1281.2
1281.2
1257.8
1195.3
1203.1
1328.1
1281.2
1195.3
1203.1
1257.8
1203.1
1125.0
1195.3
1226.6
1195.3
1187.5
1250.0
1273.4
1234.4
1171.9
1210.9
1242.2
1226.6
1195.3
1218.8
1273.4
1242.2
1179.7
1187.5
1265.6
1250.0
1226.6
1164.1
1187.5
1234.4
1242.2
1210.9
1218.8
1296.9
1289.1
