1304.7
1375.0
1320.3
1382.8
1351.6
1343.8
1281.2
1367.2
1312.5
1367.2
1281.2
1312.5
1226.6
1250.0
1234.4
1242.2
1273.4
1234.4
1296.9
1234.4
1312.5
1265.6
1265.6
1226.6
1281.2
1281.2
1242.2
1289.1
1218.8
1281.2
1234.4
1257.8
1281.2
1210.9
1226.6
1156.2
1125.0
1117.2
1109.4
1125.0
1140.6
1101.6
1132.8
1132.8
1109.4
1156.2
1164.1
1164.1
1234.4
1265.6
1312.5
1343.8
1304.7
1296.9
1273.4
1281.2
1304.7
1281.2
1328.1
1312.5
1335.9
1320.3
1273.4
1343.8
1328.1
1328.1
1328.1
1296.9
1328.1
1281.2
1304.7
1320.3
1265.6
1328.1
1296.9
1304.7
1296.9
1320.3
1359.4
1304.7
1320.3
1281.2
1289.1
1328.1
1265.6
1304.7
1289.1
1320.3
1367.2
1320.3
1367.2
1328.1
1382.8
1398.4
1367.2
1390.6
1398.4
1351.6
1390.6
1375.0
1382.8
1375.0
1312.5
1304.7
1296.9
1281.2
1226.6
1179.7
1156.2
1187.5
1218.8
1234.4
1281.2
1304.7
1273.4
1312.5
1257.8
1257.8
1273.4
1234.4
1234.4
1171.9
1156.2
1140.6
1132.8
1109.4
1125.0
1093.8
1085.9
1078.1
1062.5
1039.1
1054.7
1085.9
1093.8
1140.6
1164.1
1226.6
1289.1
1257.8
1304.7
1273.4
1281.2
1281.2
1234.4
1296.9
1273.4
1265.6
1281.2
1265.6
1312.5
1218.8
1406.2
1296.9
1257.8
1312.5
1312.5
1421.9
1398.4
1398.4
1421.9
1335.9
1367.2
1375.0
1367.2
1343.8
1335.9
1335.9
1335.9
1414.1
1382.8
1429.7
1390.6
1406.2
1335.9
1335.9
1367.2
1335.9
1421.9
1375.0
1343.8
1359.4
1328.1
1359.4
1328.1
1312.5
1320.3
1304.7
1343.8
1359.4
1398.4
1421.9
1382.8
1367.2
1257.8
1242.2
1171.9
1140.6
1117.2
1171.9
1242.2
1273.4
1359.4
1359.4
1351.6
1390.6
1382.8
1382.8
1351.6
1289.1
1367.2
1343.8
1382.8
1351.6
1359.4
1367.2
1343.8
1390.6
1406.2
1437.5
1507.8
1406.2
1375.0
1328.1
1382.8
1367.2
1359.4
1367.2
1359.4
1390.6
1375.0
1359.4
1335.9
1320.3
1320.3
1210.9
1218.8
1226.6
1210.9
1265.6
1234.4
1250.0
1265.6
1234.4
1265.6
1234.4
1203.1
1234.4
1195.3
1226.6
1226.6
1234.4
1289.1
1304.7
1351.6
1375.0
1359.4
1367.2
1390.6
1367.2
1343.8
1367.2
1359.4
1359.4
1367.2
1343.8
1367.2
1382.8
1351.6
1343.8
1367.2
1351.6
1367.2
1382.8
1328.1
1351.6
1343.8
1281.2
1312.5
1289.1
1257.8
1257.8
1187.5
1187.5
1187.5
1156.2
1210.9
1265.6
1250.0
1335.9
1281.2
1328.1
1265.6
1281.2
1296.9
1234.4
1281.2
1265.6
1328.1
1359.4
1367.2
1398.4
1335.9
1359.4
1382.8
1351.6
1343.8
1351.6
1312.5
1335.9
1335.9
1320.3
1367.2
1398.4
1390.6
1390.6
1382.8
1320.3
1351.6
1343.8
1312.5
1367.2
1367.2
1375.0
1414.1
1382.8
1390.6
1335.9
1367.2
1382.8
1343.8
1375.0
1375.0
1320.3
1375.0
1351.6
1320.3
1406.2
1375.0
1359.4
1375.0
1351.6
1382.8
1359.4
1335.9
1375.0
1375.0
1343.8
1398.4
1375.0
1390.6
1382.8
1320.3
1335.9
1351.6
1304.7
1359.4
1359.4
1382.8
1398.4
1335.9
1320.3
1335.9
1296.9
1328.1
1351.6
1359.4
1406.2
1406.2
1375.0
1437.5
1375.0
1367.2
1320.3
1265.6
1289.1
1281.2
1281.2
1328.1
1359.4
1304.7
1359.4
1390.6
1382.8
1429.7
1406.2
1445.3
1406.2
1335.9
1312.5
1320.3
1304.7
1375.0
1406.2
1406.2
1421.9
1390.6
1398.4
1382.8
1343.8
1390.6
1429.7
1335.9
1320.3
1343.8
1312.5
1406.2
1398.4
1398.4
1406.2
1437.5
1414.1
1390.6
1328.1
1367.2
1382.8
1351.6
1453.1
1437.5
1320.3
1304.7
1250.0
1195.3
1296.9
1398.4
1546.9
1531.2
1539.1
1539.1
1460.9
1437.5
1421.9
1359.4
1359.4
1359.4
1328.1
1367.2
1406.2
1382.8
1429.7
1437.5
1437.5
1445.3
1437.5
1476.6
1445.3
1335.9
1320.3
1320.3
1320.3
1421.9
1484.4
1492.2
1421.9
1414.1
1429.7
1390.6
1382.8
1359.4
1351.6
1312.5
1242.2
1242.2
1203.1
1304.7
1351.6
1554.7
1546.9
1500.0
1445.3
1335.9
1343.8
1296.9
1226.6
1226.6
1195.3
1164.1
1265.6
1398.4
1382.8
1500.0
1484.4
1445.3
1460.9
1429.7
1429.7
1390.6
1328.1
1289.1
1343.8
1367.2
1000.0
1812.5
1335.9
1335.9
1382.8
1367.2
1406.2
1437.5
1414.1
1453.1
1445.3
1421.9
1398.4
1406.2
1367.2
1335.9
1375.0
1398.4
1445.3
1445.3
1414.1
1414.1
1375.0
1367.2
1382.8
1359.4
1367.2
1390.6
1359.4
1398.4
1390.6
1382.8
1375.0
1382.8
1390.6
1390.6
1351.6
1390.6
1375.0
1390.6
1375.0
1304.7
1328.1
1304.7
1250.0
1273.4
1289.1
1289.1
1359.4
1382.8
1421.9
1453.1
1398.4
1398.4
1398.4
1312.5
1320.3
1335.9
1289.1
1335.9
1320.3
1328.1
1335.9
1289.1
1273.4
1320.3
1312.5
1335.9
1398.4
1351.6
1445.3
1414.1
1406.2
1437.5
1429.7
1367.2
1328.1
1273.4
1296.9
1281.2
1226.6
1250.0
1203.1
1281.2
1289.1
1335.9
1328.1
1218.8
1265.6
1242.2
1414.1
1570.3
1484.4
1562.5
1476.6
1500.0
1460.9
1390.6
1390.6
1359.4
1359.4
1437.5
1453.1
1414.1
1445.3
1414.1
1390.6
1398.4
1320.3
1335.9
1367.2
1343.8
1406.2
1523.4
1414.1
1437.5
1343.8
1429.7
1546.9
1414.1
1429.7
1445.3
1398.4
1429.7
1351.6
1429.7
1367.2
1203.1
1250.0
1398.4
1531.2
1664.1
1562.5
1625.0
1718.8
1617.2
1507.8
1406.2
1421.9
1312.5
1187.5
1273.4
1281.2
1226.6
1304.7
1320.3
1335.9
1398.4
1359.4
1382.8
1421.9
1382.8
1476.6
1453.1
1375.0
1460.9
1468.8
1437.5
1484.4
1406.2
1468.8
1421.9
1414.1
1492.2
1460.9
1523.4
1476.6
1296.9
1234.4
1156.2
1226.6
1203.1
1312.5
1367.2
1484.4
1570.3
1562.5
1484.4
1359.4
1398.4
1351.6
1320.3
1390.6
1375.0
1375.0
1414.1
1382.8
1398.4
1429.7
1390.6
1468.8
1484.4
1382.8
1476.6
1429.7
1445.3
1460.9
1398.4
1453.1
1398.4
1351.6
1421.9
1445.3
1398.4
1359.4
1335.9
1359.4
1453.1
1390.6
1468.8
1539.1
1429.7
1453.1
1414.1
1414.1
1484.4
1429.7
1460.9
1453.1
1359.4
1476.6
1523.4
1398.4
1445.3
1421.9
1460.9
1500.0
1468.8
1476.6
1414.1
1398.4
1406.2
1406.2
1437.5
1460.9
1398.4
1460.9
1484.4
1429.7
1468.8
1445.3
1390.6
1421.9
1398.4
1390.6
1382.8
1367.2
1328.1
1367.2
1328.1
1304.7
1320.3
1054.7
1593.8
1414.1
1343.8
1367.2
1351.6
1359.4
1367.2
1359.4
1375.0
1359.4
1335.9
1375.0
1375.0
1351.6
1359.4
1296.9
1312.5
1335.9
1304.7
1406.2
1406.2
1390.6
1445.3
1421.9
1414.1
1390.6
1390.6
1437.5
1445.3
1390.6
1437.5
1445.3
1414.1
1445.3
1406.2
1421.9
1421.9
1429.7
1390.6
1398.4
1367.2
1429.7
1437.5
1390.6
1437.5
1414.1
1406.2
1390.6
1359.4
1406.2
1351.6
1296.9
1312.5
1289.1
1312.5
1367.2
1367.2
1367.2
1375.0
1335.9
1320.3
1296.9
1257.8
1296.9
1296.9
1250.0
1296.9
1312.5
1273.4
1343.8
1351.6
1328.1
1375.0
1375.0
1312.5
1375.0
1382.8
1343.8
1312.5
1234.4
1257.8
1250.0
1226.6
1281.2
1226.6
1234.4
1335.9
1335.9
1367.2
1375.0
1312.5
1343.8
1343.8
1289.1
1320.3
1296.9
1296.9
1335.9
1320.3
1343.8
1359.4
1367.2
1382.8
1406.2
1367.2
1414.1
1445.3
1421.9
1531.2
1492.2
1507.8
1507.8
1460.9
1476.6
1476.6
1406.2
1460.9
1414.1
1406.2
1406.2
1375.0
1406.2
1406.2
1382.8
1421.9
1375.0
1421.9
1414.1
1406.2
1406.2
1390.6
1429.7
1414.1
1367.2
1406.2
1390.6
1406.2
1406.2
1367.2
1390.6
1375.0
1312.5
1320.3
1343.8
1312.5
1367.2
1367.2
1359.4
1359.4
1343.8
1351.6
1367.2
1312.5
1328.1
1343.8
1304.7
1281.2
1257.8
1234.4
1281.2
1273.4
1273.4
1304.7
1281.2
1343.8
1367.2
1351.6
1359.4
1296.9
1328.1
1335.9
1281.2
1335.9
1351.6
1304.7
1343.8
1320.3
1296.9
1320.3
1281.2
1265.6
1226.6
1195.3
1210.9
1156.2
1218.8
1234.4
1265.6
1375.0
1390.6
1390.6
1414.1
1375.0
1382.8
1367.2
1320.3
1375.0
1375.0
1234.4
1218.8
1179.7
1164.1
1140.6
1101.6
1101.6
1078.1
1039.1
1031.2
1054.7
1085.9
1085.9
1132.8
1187.5
1171.9
1187.5
1156.2
1140.6
1148.4
1171.9
1210.9
1359.4
1468.8
1421.9
1492.2
1523.4
1484.4
1484.4
1429.7
1421.9
1437.5
1437.5
1445.3
1460.9
1421.9
1359.4
1398.4
1398.4
1359.4
1398.4
1367.2
1335.9
1351.6
1320.3
1343.8
1382.8
1304.7
1359.4
1367.2
1312.5
1335.9
1335.9
1304.7
1351.6
1335.9
1359.4
1375.0
1328.1
1320.3
1312.5
1265.6
1312.5
1289.1
1250.0
1242.2
1273.4
1218.8
1250.0
1296.9
1265.6
1343.8
1320.3
1281.2
1304.7
1312.5
1281.2
1289.1
1304.7
1281.2
1328.1
1343.8
1343.8
1367.2
1289.1
1273.4
1273.4
1226.6
1296.9
1343.8
1304.7
1359.4
1406.2
1335.9
1335.9
1320.3
1304.7
1304.7
1242.2
1250.0
1242.2
1242.2
1289.1
1312.5
1281.2
1335.9
1367.2
1320.3
1359.4
1375.0
1289.1
1343.8
1335.9
1312.5
789.1
507.8
1367.2
1234.4
1296.9
1351.6
1343.8
1414.1
1390.6
1367.2
1359.4
1273.4
1265.6
1281.2
1234.4
1257.8
1328.1
1328.1
1445.3
1476.6
1429.7
1429.7
1382.8
1375.0
1390.6
1328.1
1296.9
1304.7
1296.9
1296.9
1304.7
1304.7
1296.9
1343.8
1328.1
1351.6
1390.6
1343.8
1359.4
1382.8
1343.8
1359.4
1343.8
1335.9
1375.0
1390.6
1320.3
1359.4
1343.8
1312.5
1351.6
1335.9
1328.1
1359.4
1335.9
1382.8
1398.4
1359.4
1343.8
1359.4
1289.1
1304.7
1281.2
1257.8
1328.1
1328.1
1328.1
1328.1
1281.2
1281.2
1281.2
1203.1
1265.6
1312.5
1296.9
1351.6
1328.1
1304.7
1335.9
1289.1
1296.9
1289.1
1265.6
1265.6
1210.9
1156.2
1257.8
1320.3
1320.3
1343.8
1343.8
1390.6
1414.1
1343.8
1367.2
1351.6
1343.8
1375.0
1343.8
1375.0
1398.4
1343.8
1359.4
1367.2
1250.0
1250.0
1273.4
1218.8
1273.4
1320.3
1398.4
1460.9
1406.2
1492.2
1429.7
1375.0
1398.4
1375.0
1359.4
1382.8
1335.9
1359.4
1382.8
1351.6
1414.1
1437.5
1390.6
1437.5
1421.9
1382.8
1398.4
1359.4
1343.8
1367.2
1367.2
1398.4
1460.9
1390.6
1437.5
1406.2
1398.4
1406.2
1320.3
1382.8
1351.6
1281.2
1335.9
1351.6
1367.2
1343.8
1289.1
1320.3
1312.5
1265.6
1359.4
1429.7
1429.7
1484.4
1437.5
1484.4
1460.9
1382.8
1382.8
1367.2
1375.0
1406.2
1390.6
1429.7
1453.1
1398.4
1390.6
1398.4
1320.3
1351.6
1398.4
1390.6
1421.9
1421.9
1429.7
1468.8
1421.9
1437.5
1429.7
1343.8
1375.0
1335.9
1382.8
1421.9
1390.6
1398.4
1390.6
1343.8
1429.7
1429.7
1406.2
1429.7
1375.0
1398.4
1429.7
1382.8
1414.1
1382.8
1375.0
1429.7
1414.1
1421.9
1445.3
1398.4
1476.6
1468.8
1398.4
1398.4
1375.0
1320.3
1375.0
1343.8
1375.0
1382.8
1335.9
1398.4
1398.4
1406.2
1453.1
1421.9
1460.9
1390.6
1367.2
1445.3
1429.7
1375.0
1406.2
1390.6
1421.9
1468.8
1414.1
1460.9
1437.5
1445.3
1460.9
1414.1
1367.2
1328.1
1320.3
1359.4
1328.1
1359.4
1406.2
1328.1
1375.0
1398.4
1398.4
1367.2
1359.4
1335.9
1390.6
1414.1
1460.9
1460.9
1406.2
1421.9
1406.2
1343.8
1367.2
1367.2
1320.3
1382.8
1390.6
1390.6
1445.3
1414.1
1421.9
1414.1
1351.6
1445.3
1406.2
1414.1
1460.9
1390.6
1421.9
1437.5
1390.6
1421.9
1421.9
1375.0
1429.7
1367.2
1398.4
1367.2
1343.8
1367.2
1328.1
1390.6
1414.1
1375.0
1484.4
1453.1
1476.6
1492.2
1406.2
1414.1
1460.9
1414.1
1468.8
1453.1
1437.5
1429.7
1398.4
1429.7
1453.1
1398.4
1468.8
1484.4
1437.5
1460.9
1437.5
1398.4
1414.1
1359.4
1359.4
1375.0
1328.1
1390.6
1429.7
1468.8
1468.8
1382.8
1375.0
1367.2
1390.6
1445.3
1414.1
1414.1
1398.4
1343.8
1398.4
1390.6
1343.8
1421.9
1390.6
1367.2
1429.7
1367.2
1390.6
1429.7
1382.8
1421.9
1335.9
1296.9
1304.7
1210.9
1281.2
1320.3
1429.7
1445.3
1398.4
1414.1
1406.2
1453.1
1445.3
1335.9
1312.5
1289.1
1304.7
1445.3
1382.8
1476.6
1515.6
1500.0
1554.7
1484.4
1468.8
1445.3
1382.8
1437.5
1406.2
1445.3
1515.6
1476.6
1500.0
1429.7
1257.8
1296.9
1273.4
1273.4
1367.2
1351.6
1390.6
1437.5
1343.8
1367.2
1406.2
1343.8
1328.1
1289.1
1265.6
1351.6
1343.8
1320.3
1437.5
1468.8
734.4
1984.4
1718.8
1562.5
1437.5
1304.7
1320.3
1289.1
1312.5
1343.8
1304.7
1406.2
1445.3
1390.6
1492.2
1414.1
1406.2
1367.2
1320.3
1359.4
1375.0
1281.2
1343.8
1382.8
1296.9
1343.8
1359.4
1320.3
1375.0
1328.1
1375.0
1382.8
1328.1
1382.8
1343.8
1312.5
1359.4
1320.3
1320.3
1351.6
1304.7
1343.8
1351.6
1281.2
1312.5
1304.7
1234.4
1312.5
1351.6
1351.6
1375.0
1335.9
1335.9
1390.6
1335.9
1421.9
1414.1
1328.1
1382.8
1390.6
1312.5
1367.2
1335.9
1328.1
1390.6
1343.8
1335.9
1398.4
1351.6
1375.0
1390.6
1312.5
1367.2
1390.6
1296.9
1351.6
1390.6
1335.9
1406.2
1343.8
1281.2
1312.5
1335.9
1265.6
1343.8
1320.3
1367.2
1453.1
1328.1
1367.2
1289.1
1304.7
1351.6
1281.2
1382.8
1421.9
1359.4
1484.4
1421.9
1390.6
1390.6
1328.1
1406.2
1453.1
1375.0
1421.9
1390.6
1312.5
1359.4
1312.5
1281.2
1343.8
1351.6
1312.5
1351.6
1343.8
1320.3
1367.2
1296.9
1375.0
1390.6
1312.5
1382.8
1382.8
1304.7
1351.6
1375.0
1320.3
1406.2
1414.1
1375.0
1429.7
1375.0
1335.9
1367.2
1312.5
1328.1
1343.8
1289.1
1343.8
1367.2
1304.7
1351.6
1320.3
1351.6
1382.8
1304.7
1375.0
1382.8
1281.2
1335.9
1335.9
1289.1
1375.0
1351.6
1289.1
1359.4
1375.0
1296.9
1343.8
1328.1
1289.1
1328.1
1312.5
1289.1
1281.2
1250.0
1304.7
1343.8
1281.2
1343.8
1320.3
1250.0
1296.9
1281.2
1265.6
1320.3
1320.3
1265.6
1343.8
1273.4
1351.6
1429.7
1296.9
1351.6
1335.9
1335.9
1414.1
1296.9
1359.4
1375.0
1328.1
1382.8
1367.2
1281.2
1265.6
1296.9
1320.3
1289.1
1406.2
1359.4
1445.3
1468.8
1390.6
1476.6
1437.5
1414.1
1406.2
1359.4
1421.9
1414.1
1398.4
1421.9
1367.2
1414.1
1406.2
1367.2
1382.8
1367.2
1390.6
1476.6
1414.1
1351.6
1296.9
1273.4
1304.7
1273.4
1367.2
1570.3
1523.4
1523.4
1390.6
1367.2
1367.2
1281.2
1359.4
1312.5
1273.4
1289.1
1273.4
1398.4
1390.6
1320.3
1375.0
1343.8
1359.4
1367.2
1328.1
1359.4
1359.4
1312.5
1367.2
1382.8
1320.3
1367.2
1328.1
1289.1
1328.1
1296.9
1351.6
1421.9
1320.3
1375.0
1390.6
1343.8
1429.7
1398.4
1343.8
1398.4
1335.9
1343.8
1312.5
1312.5
1375.0
1367.2
1414.1
1507.8
1414.1
1460.9
1414.1
1343.8
1437.5
1382.8
1343.8
1460.9
1445.3
1437.5
1437.5
1367.2
1359.4
1343.8
1281.2
1359.4
1367.2
1359.4
1429.7
1382.8
1414.1
1414.1
1335.9
1304.7
1312.5
1242.2
1296.9
1335.9
1273.4
1351.6
1335.9
1320.3
1406.2
1335.9
1375.0
1359.4
1296.9
1296.9
1398.4
1367.2
1320.3
1382.8
1359.4
1335.9
1390.6
1328.1
1359.4
1382.8
1312.5
1382.8
1343.8
1304.7
1343.8
1343.8
1335.9
1367.2
1289.1
1335.9
1328.1
1273.4
1296.9
1359.4
1273.4
1328.1
1304.7
1226.6
1257.8
1234.4
1257.8
1382.8
1304.7
1343.8
1335.9
1281.2
1343.8
1367.2
1320.3
1382.8
1367.2
1281.2
1312.5
1265.6
1328.1
1359.4
1351.6
1406.2
1406.2
1296.9
1320.3
1320.3
1265.6
1296.9
1289.1
1242.2
1304.7
1312.5
1289.1
1375.0
1367.2
1335.9
1359.4
1335.9
1296.9
1351.6
1335.9
1273.4
1312.5
1273.4
1304.7
1335.9
1296.9
1359.4
1367.2
1304.7
1320.3
1328.1
1312.5
1390.6
1375.0
1367.2
1406.2
1359.4
1390.6
1390.6
1351.6
1351.6
1375.0
1304.7
1359.4
1367.2
1296.9
1398.4
1421.9
1375.0
1460.9
1429.7
1382.8
1414.1
1359.4
1398.4
1406.2
1335.9
1382.8
1406.2
1328.1
1429.7
1414.1
1343.8
1445.3
1406.2
1375.0
1421.9
1460.9
1500.0
1546.9
1539.1
1570.3
1507.8
1390.6
1421.9
1406.2
1343.8
1390.6
1375.0
1335.9
1390.6
1382.8
1406.2
1453.1
1390.6
1398.4
1382.8
1343.8
1421.9
1335.9
1312.5
1343.8
1304.7
1257.8
1257.8
1187.5
1203.1
1140.6
1140.6
1140.6
1109.4
1195.3
1210.9
1257.8
1335.9
1320.3
1382.8
1375.0
1281.2
1320.3
1281.2
1226.6
1257.8
1242.2
1210.9
1265.6
1273.4
1312.5
1359.4
1304.7
1343.8
1375.0
1312.5
1343.8
1335.9
1343.8
1382.8
1359.4
1382.8
1375.0
1312.5
1367.2
1390.6
1320.3
1375.0
1351.6
1289.1
1351.6
1320.3
1289.1
1367.2
1367.2
1335.9
1335.9
1320.3
1343.8
1390.6
1296.9
1343.8
1351.6
1265.6
1343.8
1328.1
1273.4
1382.8
1390.6
1343.8
1421.9
1367.2
1351.6
1492.2
1414.1
1421.9
1429.7
1312.5
1367.2
1398.4
1281.2
1320.3
1304.7
1328.1
1375.0
1304.7
1304.7
1328.1
1312.5
1382.8
1328.1
1289.1
1312.5
1250.0
1289.1
1312.5
1281.2
1343.8
1375.0
1343.8
1421.9
1390.6
1335.9
1375.0
1351.6
1343.8
1367.2
1312.5
1359.4
1375.0
1335.9
1359.4
1343.8
1312.5
1398.4
1343.8
1328.1
1320.3
1257.8
1242.2
1289.1
1234.4
1289.1
1343.8
1257.8
1335.9
1335.9
1281.2
1359.4
1343.8
1367.2
1375.0
1335.9
1367.2
1390.6
1367.2
1351.6
1468.8
1398.4
1414.1
1406.2
1304.7
1398.4
1367.2
1265.6
1320.3
1343.8
1304.7
1367.2
1351.6
1351.6
1312.5
1257.8
1335.9
1375.0
1359.4
1460.9
1406.2
1367.2
1414.1
1367.2
1367.2
1437.5
1382.8
1476.6
1515.6
1414.1
1515.6
1414.1
1398.4
1398.4
1312.5
1382.8
1406.2
1312.5
1367.2
1351.6
1328.1
1367.2
1328.1
1375.0
1382.8
1296.9
1304.7
1343.8
1281.2
1328.1
1304.7
1328.1
1343.8
1289.1
1335.9
1343.8
1281.2
1335.9
1359.4
1289.1
1304.7
1242.2
1164.1
1156.2
1187.5
1140.6
1148.4
1179.7
1148.4
1132.8
1132.8
1039.1
1023.4
976.6
937.5
945.3
945.3
968.8
976.6
953.1
945.3
929.7
921.9
882.8
890.6
921.9
921.9
953.1
1015.6
1031.2
1070.3
1070.3
1101.6
1062.5
1070.3
1054.7
1023.4
1062.5
1031.2
984.4
1031.2
1046.9
1054.7
1046.9
1148.4
1226.6
1226.6
1296.9
1296.9
1203.1
1250.0
1304.7
1296.9
1132.8
1078.1
1000.0
968.8
929.7
867.2
859.4
820.3
773.4
773.4
781.2
828.1
882.8
945.3
1328.1
1343.8
1312.5
1296.9
1265.6
1054.7
1226.6
1085.9
1085.9
1101.6
1132.8
1179.7
1156.2
1117.2
1117.2
1125.0
1187.5
1187.5
1140.6
1085.9
1140.6
1257.8
1210.9
1164.1
1226.6
1273.4
1343.8
1343.8
1367.2
1437.5
1359.4
1296.9
1312.5
1343.8
1343.8
1375.0
1367.2
1250.0
1187.5
1171.9
1101.6
1062.5
1093.8
1179.7
1195.3
1117.2
1101.6
1054.7
1046.9
1031.2
718.8
1117.2
1007.8
1054.7
1093.8
1164.1
1335.9
1406.2
1343.8
1398.4
1429.7
1335.9
1476.6
1460.9
1414.1
1476.6
1492.2
1460.9
1484.4
1500.0
1460.9
1414.1
1281.2
1328.1
1265.6
1265.6
765.6
1343.8
1375.0
1437.5
1476.6
1445.3
1375.0
1421.9
1437.5
1414.1
1406.2
1414.1
1507.8
1484.4
1390.6
1351.6
1289.1
1210.9
1203.1
1171.9
1085.9
1031.2
992.2
937.5
898.4
882.8
843.8
835.9
843.8
835.9
875.0
1023.4
1156.2
1218.8
1164.1
1187.5
1171.9
1140.6
1156.2
1156.2
1125.0
1132.8
1187.5
1148.4
1218.8
1265.6
1218.8
1242.2
1281.2
804.7
1539.1
1421.9
1421.9
1445.3
1343.8
1437.5
1445.3
1437.5
1562.5
1492.2
1492.2
1296.9
1062.5
1703.1
1453.1
1484.4
1460.9
1515.6
1453.1
1406.2
1375.0
1437.5
1257.8
1460.9
1375.0
1273.4
1445.3
1453.1
1328.1
1515.6
1515.6
1492.2
1539.1
1468.8
1500.0
1460.9
1640.6
1570.3
1507.8
1398.4
1570.3
1343.8
1257.8
1460.9
1421.9
1539.1
1468.8
1468.8
1390.6
1125.0
1421.9
1304.7
1406.2
1414.1
1367.2
1468.8
1398.4
1406.2
1304.7
1375.0
1281.2
1390.6
1335.9
1382.8
1359.4
1304.7
1351.6
1289.1
1343.8
1320.3
1343.8
1359.4
1296.9
1421.9
1500.0
1492.2
1453.1
1437.5
1515.6
1468.8
1539.1
1414.1
1367.2
1359.4
1492.2
1273.4
1406.2
1414.1
1546.9
1695.3
1578.1
1609.4
1531.2
1523.4
1492.2
1375.0
1390.6
1406.2
1296.9
1304.7
1304.7
1390.6
1328.1
1375.0
1398.4
1343.8
1382.8
1328.1
1382.8
1335.9
1406.2
1421.9
1398.4
1539.1
1492.2
1429.7
1289.1
1484.4
1406.2
1445.3
1382.8
1484.4
1468.8
1539.1
1546.9
1265.6
1476.6
1484.4
1429.7
1484.4
1460.9
1398.4
1445.3
1406.2
890.6
1898.4
1726.6
1515.6
1453.1
1445.3
1476.6
1390.6
1500.0
1500.0
1429.7
1460.9
1453.1
1453.1
1421.9
1382.8
1398.4
1328.1
1359.4
1351.6
1312.5
1367.2
1343.8
1406.2
1406.2
1343.8
1414.1
1367.2
1390.6
1382.8
1367.2
1390.6
1414.1
1328.1
1320.3
1351.6
1335.9
1265.6
1281.2
1226.6
1210.9
1296.9
1335.9
1265.6
1375.0
1429.7
1351.6
1437.5
1437.5
1367.2
1414.1
1429.7
1460.9
1484.4
1265.6
1531.2
1726.6
1648.4
1695.3
1687.5
1656.2
1648.4
1601.6
1523.4
1609.4
1468.8
1484.4
1460.9
1460.9
1390.6
1437.5
875.0
1570.3
1445.3
1312.5
1312.5
1304.7
1382.8
1460.9
1515.6
1507.8
1398.4
1437.5
1390.6
1437.5
1421.9
1359.4
1492.2
1414.1
1390.6
1414.1
1382.8
1429.7
1460.9
1437.5
1429.7
1453.1
1406.2
1460.9
1437.5
1382.8
1406.2
1398.4
1414.1
1429.7
1382.8
1437.5
1453.1
1421.9
1445.3
1398.4
1476.6
1445.3
1398.4
1429.7
1414.1
1484.4
1484.4
1187.5
1609.4
1625.0
1476.6
1453.1
1429.7
1421.9
1367.2
1367.2
1359.4
1398.4
1437.5
1492.2
1226.6
1468.8
1445.3
1273.4
1343.8
1406.2
1351.6
1421.9
1406.2
1390.6
1437.5
1414.1
1414.1
1414.1
1250.0
1375.0
1421.9
1406.2
1460.9
1476.6
1437.5
1468.8
1460.9
1476.6
1500.0
1437.5
1492.2
1476.6
1421.9
1468.8
1453.1
1476.6
1523.4
1460.9
765.6
1750.0
1601.6
1617.2
1570.3
1546.9
1453.1
1296.9
1296.9
1226.6
1218.8
1304.7
1351.6
1445.3
1539.1
1492.2
1523.4
1484.4
1406.2
1429.7
1382.8
1390.6
1453.1
1398.4
906.2
1687.5
1468.8
1414.1
1437.5
1406.2
1453.1
1367.2
1382.8
1406.2
1359.4
1414.1
1406.2
1367.2
1445.3
1421.9
1414.1
1453.1
1375.0
1437.5
1429.7
1382.8
1476.6
1429.7
1421.9
1500.0
1492.2
1515.6
1546.9
1453.1
1539.1
1476.6
1476.6
1492.2
1421.9
1437.5
1476.6
1460.9
1570.3
1578.1
1539.1
1523.4
1406.2
1476.6
1515.6
1500.0
1539.1
1546.9
1515.6
1507.8
1398.4
1484.4
1515.6
1492.2
1531.2
1429.7
1460.9
1437.5
1390.6
1367.2
1281.2
1296.9
1273.4
1343.8
1265.6
1250.0
1234.4
1156.2
1203.1
1179.7
1226.6
1234.4
1171.9
1265.6
1312.5
1304.7
1414.1
1500.0
1562.5
1632.8
1617.2
1656.2
1515.6
1468.8
1476.6
1437.5
1570.3
1609.4
1804.7
1718.8
1640.6
1632.8
1570.3
1601.6
1492.2
1609.4
1539.1
1460.9
1515.6
1460.9
1468.8
1500.0
1437.5
1484.4
1476.6
1390.6
1437.5
1421.9
1390.6
1054.7
562.5
820.3
1421.9
1562.5
1507.8
1546.9
1687.5
1484.4
1382.8
1273.4
1265.6
1210.9
1250.0
1421.9
1539.1
1632.8
1617.2
1500.0
1562.5
1492.2
1468.8
1437.5
1437.5
1500.0
1468.8
1468.8
1445.3
585.9
1781.2
1726.6
1546.9
1562.5
1476.6
1390.6
1398.4
1414.1
1476.6
1507.8
1445.3
796.9
1757.8
1554.7
1585.9
1554.7
1578.1
1585.9
1492.2
1554.7
1468.8
1453.1
1429.7
1382.8
1406.2
1429.7
1445.3
1515.6
1445.3
1468.8
1500.0
1414.1
1460.9
1414.1
1414.1
1453.1
1390.6
1429.7
1445.3
1343.8
1398.4
1367.2
1312.5
1382.8
1359.4
1398.4
1429.7
1351.6
1437.5
1429.7
1335.9
1320.3
1320.3
1296.9
1406.2
1437.5
1437.5
1453.1
1414.1
1476.6
1468.8
1390.6
1445.3
1468.8
1406.2
1460.9
1492.2
1421.9
1484.4
1460.9
1335.9
1367.2
1335.9
1257.8
1328.1
1367.2
1390.6
1664.1
1554.7
1570.3
1531.2
1437.5
1453.1
1468.8
1414.1
1453.1
1406.2
1414.1
1437.5
1406.2
1476.6
1531.2
1468.8
1476.6
1492.2
1429.7
1507.8
1398.4
1281.2
1398.4
1382.8
1343.8
1453.1
1476.6
1468.8
1500.0
1390.6
1453.1
1437.5
1335.9
1406.2
1398.4
1320.3
1453.1
1460.9
1445.3
1468.8
1453.1
1382.8
1382.8
1335.9
1343.8
1343.8
1320.3
1351.6
1359.4
1375.0
1382.8
1421.9
1351.6
1273.4
1273.4
1257.8
1289.1
1335.9
1312.5
1343.8
1320.3
1351.6
1343.8
1242.2
1257.8
1234.4
1179.7
1195.3
1234.4
1140.6
1242.2
1250.0
1218.8
1335.9
1367.2
1273.4
1343.8
1375.0
1296.9
1367.2
1398.4
1328.1
1382.8
1421.9
1328.1
1398.4
1437.5
1351.6
1367.2
1375.0
1304.7
1343.8
1351.6
1289.1
1289.1
1265.6
1257.8
1367.2
1421.9
1359.4
1414.1
1414.1
1367.2
1390.6
1296.9
1343.8
1265.6
1250.0
1304.7
1343.8
1328.1
1437.5
1437.5
1328.1
1367.2
1335.9
1265.6
1304.7
1320.3
1335.9
1335.9
1343.8
1359.4
1351.6
1382.8
1359.4
1312.5
1320.3
1250.0
1265.6
1257.8
1187.5
1242.2
1281.2
1226.6
1289.1
1257.8
1210.9
1250.0
1226.6
1171.9
1242.2
1257.8
1226.6
1296.9
1296.9
1281.2
1343.8
1289.1
1234.4
1257.8
1250.0
1218.8
1328.1
1304.7
1257.8
1382.8
1359.4
1289.1
1367.2
1343.8
1289.1
1367.2
1406.2
1328.1
1382.8
1359.4
1273.4
1398.4
1460.9
1437.5
1585.9
1453.1
1554.7
1367.2
1273.4
1312.5
1351.6
1312.5
1406.2
1406.2
1390.6
1429.7
1453.1
1460.9
1382.8
1414.1
1367.2
1273.4
1320.3
1312.5
1234.4
1304.7
1289.1
1195.3
1273.4
1265.6
1171.9
1265.6
1257.8
1187.5
1226.6
1250.0
1195.3
1273.4
1289.1
1250.0
1367.2
1398.4
1343.8
1406.2
1375.0
1304.7
1328.1
1328.1
1335.9
1414.1
1398.4
1398.4
1429.7
1335.9
1367.2
1351.6
1257.8
1328.1
1304.7
1257.8
1312.5
1265.6
1312.5
1296.9
1265.6
1320.3
1320.3
1304.7
1343.8
1335.9
1289.1
1328.1
1296.9
1312.5
1375.0
1335.9
1328.1
1351.6
1312.5
1265.6
1296.9
1296.9
1218.8
1265.6
1312.5
1296.9
1390.6
1437.5
1382.8
1421.9
1320.3
1375.0
1351.6
1312.5
1335.9
1320.3
1328.1
1328.1
1273.4
1250.0
1250.0
1234.4
1203.1
1234.4
1226.6
1148.4
1226.6
1218.8
1179.7
1257.8
1304.7
1273.4
1375.0
1359.4
1375.0
1320.3
1273.4
1281.2
1289.1
1296.9
1304.7
1320.3
1375.0
1335.9
1335.9
1375.0
1320.3
1328.1
1320.3
1281.2
1312.5
1250.0
1265.6
1242.2
1304.7
1320.3
1312.5
1375.0
1296.9
1289.1
1210.9
1148.4
1156.2
1093.8
1125.0
1109.4
1156.2
1148.4
1132.8
1203.1
1195.3
1148.4
1210.9
1140.6
1078.1
1125.0
1132.8
1078.1
1179.7
1195.3
1164.1
1304.7
1328.1
1281.2
1351.6
1203.1
1234.4
1250.0
1187.5
1257.8
1304.7
1257.8
1335.9
1375.0
1312.5
1359.4
1406.2
1281.2
1304.7
1265.6
1210.9
1234.4
1195.3
1265.6
1250.0
1304.7
1328.1
1273.4
1296.9
1281.2
1218.8
1273.4
1250.0
1203.1
1250.0
1242.2
1195.3
1273.4
1234.4
1257.8
1242.2
1187.5
1242.2
1257.8
1250.0
1289.1
1320.3
1281.2
1320.3
1296.9
1257.8
1210.9
1234.4
1265.6
1179.7
1281.2
1304.7
1234.4
1296.9
1328.1
1234.4
1281.2
1250.0
1203.1
1179.7
1210.9
1156.2
1148.4
1125.0
1078.1
1093.8
1062.5
1125.0
1218.8
1195.3
1250.0
1234.4
1328.1
1343.8
1242.2
1296.9
1273.4
1242.2
1273.4
1289.1
1328.1
1421.9
1390.6
1492.2
1531.2
1406.2
1453.1
1406.2
1390.6
1367.2
1312.5
1359.4
1367.2
1335.9
1390.6
1406.2
1359.4
1429.7
1359.4
1382.8
1351.6
1320.3
1328.1
1281.2
1343.8
1351.6
1289.1
1390.6
1343.8
1312.5
1375.0
1289.1
1312.5
1335.9
1281.2
1328.1
1296.9
1351.6
1281.2
1343.8
1320.3
1382.8
1421.9
1367.2
1429.7
1328.1
1343.8
1351.6
1250.0
1289.1
1281.2
1203.1
1273.4
1273.4
1234.4
1273.4
1187.5
1187.5
1171.9
1179.7
1195.3
1328.1
1437.5
640.6
1375.0
1585.9
1531.2
1460.9
1335.9
1320.3
1265.6
1234.4
1250.0
1218.8
1171.9
1171.9
1218.8
1218.8
1328.1
1359.4
1304.7
1320.3
1203.1
1218.8
1234.4
1179.7
1250.0
1351.6
1312.5
1507.8
1429.7
1390.6
1328.1
1281.2
1265.6
1257.8
1312.5
1250.0
1289.1
1273.4
1226.6
1296.9
1304.7
1296.9
1281.2
1296.9
1281.2
1304.7
1257.8
1273.4
1273.4
1234.4
1250.0
1226.6
1179.7
1226.6
1179.7
1203.1
1218.8
1164.1
1195.3
1218.8
1148.4
1210.9
1195.3
1234.4
1273.4
1250.0
1312.5
1328.1
1257.8
1242.2
1218.8
1148.4
1171.9
1171.9
1156.2
1164.1
1125.0
1085.9
1093.8
1078.1
1101.6
1140.6
1117.2
1171.9
1148.4
1140.6
1164.1
1125.0
1117.2
1117.2
1109.4
1062.5
1062.5
1023.4
1031.2
1054.7
1015.6
1070.3
1093.8
1085.9
1132.8
1140.6
1085.9
1156.2
1125.0
1117.2
1125.0
1117.2
1093.8
1101.6
1117.2
1085.9
1140.6
1109.4
1109.4
1101.6
1070.3
1101.6
1101.6
1117.2
1140.6
1140.6
1187.5
1218.8
1156.2
1226.6
1218.8
1125.0
1164.1
1140.6
1101.6
1125.0
1101.6
1140.6
1140.6
1148.4
1125.0
1164.1
1125.0
1148.4
1179.7
1148.4
1101.6
1085.9
1070.3
1062.5
1070.3
1062.5
1101.6
1125.0
1125.0
1140.6
1164.1
1148.4
1171.9
1140.6
1156.2
1117.2
1171.9
1093.8
1140.6
1148.4
1109.4
1164.1
1140.6
1179.7
1179.7
1148.4
1164.1
1132.8
1117.2
1148.4
1125.0
1125.0
1125.0
1109.4
1156.2
1093.8
1132.8
1101.6
1046.9
1046.9
1039.1
1023.4
1101.6
1070.3
1109.4
1132.8
1070.3
1125.0
1132.8
1070.3
1140.6
1125.0
1054.7
1101.6
1078.1
1023.4
1078.1
1109.4
1078.1
1226.6
1289.1
1320.3
1304.7
1367.2
1296.9
1328.1
1289.1
1296.9
1242.2
1281.2
1304.7
1257.8
1257.8
1351.6
1226.6
1335.9
1296.9
1312.5
1335.9
1281.2
1242.2
1289.1
1273.4
1257.8
1304.7
1234.4
1226.6
1296.9
1210.9
1265.6
1289.1
1234.4
1257.8
1218.8
1234.4
1265.6
1226.6
1257.8
1257.8
1187.5
1250.0
1265.6
1218.8
1281.2
1250.0
1257.8
1281.2
1203.1
1234.4
1218.8
1210.9
1242.2
1234.4
1265.6
1242.2
1273.4
1304.7
1210.9
1250.0
1171.9
1148.4
1187.5
1203.1
1101.6
1140.6
1132.8
1101.6
1140.6
1140.6
1093.8
1140.6
1164.1
1109.4
1187.5
1179.7
1117.2
1140.6
1171.9
1109.4
1187.5
1187.5
1171.9
1210.9
1210.9
1156.2
1203.1
1195.3
1156.2
1210.9
1179.7
1164.1
1210.9
1203.1
1195.3
1281.2
1273.4
1250.0
1289.1
1242.2
1218.8
1210.9
1179.7
1195.3
1179.7
1203.1
1250.0
1218.8
1265.6
1265.6
1296.9
1335.9
1281.2
1335.9
1257.8
1304.7
1281.2
1265.6
1257.8
1234.4
1250.0
1242.2
1273.4
1304.7
1281.2
1328.1
1257.8
1320.3
1281.2
1289.1
1265.6
1226.6
1242.2
1234.4
1250.0
1273.4
1289.1
1312.5
1234.4
1281.2
1218.8
1242.2
1250.0
1156.2
1203.1
1218.8
1187.5
1234.4
1203.1
1242.2
1187.5
1210.9
1203.1
1171.9
1156.2
1101.6
1132.8
1117.2
1109.4
1140.6
1148.4
1117.2
1164.1
1117.2
1203.1
1156.2
1164.1
1117.2
1117.2
1101.6
1070.3
1117.2
1171.9
1148.4
1210.9
1226.6
1187.5
1226.6
1234.4
1171.9
1187.5
1140.6
1164.1
1148.4
1164.1
1210.9
1156.2
1234.4
1210.9
851.6
1695.3
1320.3
1250.0
1171.9
1140.6
1203.1
1234.4
1257.8
1335.9
1296.9
1304.7
1250.0
1101.6
1093.8
1046.9
781.2
1109.4
953.1
921.9
929.7
929.7
914.1
890.6
898.4
875.0
843.8
835.9
796.9
773.4
765.6
765.6
789.1
843.8
945.3
1031.2
1234.4
1320.3
1343.8
1507.8
1500.0
1375.0
1429.7
1421.9
1546.9
1609.4
1507.8
1601.6
1570.3
1000.0
1781.2
1515.6
1585.9
1445.3
1625.0
1531.2
1750.0
1632.8
1484.4
1585.9
1507.8
1523.4
1531.2
1445.3
1445.3
1429.7
1453.1
1507.8
1429.7
1429.7
1421.9
1359.4
1382.8
1382.8
1351.6
1328.1
1281.2
1265.6
1281.2
1242.2
1085.9
1632.8
1312.5
1367.2
1296.9
1367.2
1335.9
1273.4
1351.6
1375.0
1445.3
1453.1
1367.2
1414.1
1421.9
1468.8
1085.9
1617.2
1515.6
1476.6
1382.8
1390.6
1289.1
1250.0
1312.5
1414.1
1460.9
1531.2
1515.6
1468.8
1390.6
1312.5
1335.9
1328.1
1257.8
1296.9
1312.5
1296.9
1343.8
1367.2
1273.4
1289.1
1265.6
1101.6
1453.1
1320.3
1265.6
1328.1
1296.9
1320.3
1367.2
1335.9
1367.2
1343.8
1273.4
1265.6
1203.1
1210.9
1187.5
1148.4
1218.8
1210.9
1226.6
1343.8
1343.8
1328.1
1367.2
1296.9
1320.3
1281.2
1187.5
1218.8
1210.9
1164.1
1242.2
1296.9
1296.9
1335.9
1367.2
1351.6
1375.0
1351.6
1281.2
1296.9
1304.7
1296.9
1335.9
1429.7
1382.8
1437.5
1414.1
1390.6
1429.7
1351.6
1359.4
1437.5
1320.3
1351.6
1335.9
1273.4
1367.2
1367.2
1296.9
1343.8
1343.8
1250.0
1304.7
1289.1
1242.2
1296.9
1320.3
1289.1
1359.4
1335.9
1289.1
1335.9
1296.9
1210.9
1257.8
1304.7
1234.4
1296.9
1312.5
1296.9
1367.2
1398.4
1320.3
921.9
1648.4
1429.7
1429.7
1296.9
1242.2
1296.9
1343.8
1320.3
1351.6
1375.0
1343.8
1398.4
1390.6
1296.9
1343.8
1289.1
1226.6
1312.5
1328.1
1328.1
1421.9
1351.6
1367.2
1351.6
1250.0
1273.4
1265.6
1210.9
1265.6
1289.1
1242.2
1289.1
1312.5
1257.8
1312.5
1320.3
1273.4
1296.9
1304.7
1265.6
1289.1
1289.1
1242.2
1273.4
1296.9
1289.1
1343.8
1367.2
1351.6
1390.6
1320.3
1406.2
1382.8
1312.5
1398.4
1390.6
1453.1
1437.5
1335.9
1382.8
1429.7
1335.9
1382.8
1398.4
1335.9
1289.1
1320.3
1328.1
1234.4
1218.8
1179.7
1187.5
1179.7
1164.1
1179.7
1226.6
1296.9
1289.1
1382.8
1429.7
1382.8
1414.1
1382.8
1343.8
1351.6
1281.2
1273.4
1289.1
1242.2
1265.6
1289.1
1281.2
1257.8
1273.4
1304.7
1257.8
1328.1
1367.2
1320.3
1390.6
1382.8
1343.8
1406.2
1382.8
1320.3
1375.0
1398.4
1335.9
1406.2
1390.6
1273.4
1328.1
1406.2
1382.8
1375.0
1390.6
1375.0
1398.4
1335.9
1390.6
1343.8
1257.8
1312.5
1296.9
1226.6
1289.1
1335.9
1289.1
1367.2
1406.2
1343.8
1382.8
1390.6
1335.9
1382.8
1398.4
1390.6
1351.6
1312.5
1328.1
1312.5
1210.9
1265.6
1289.1
1273.4
1367.2
1421.9
1375.0
1429.7
1390.6
1375.0
1351.6
1367.2
1218.8
1234.4
1304.7
1375.0
1296.9
1273.4
1406.2
1414.1
1328.1
1390.6
1390.6
1335.9
1390.6
1351.6
1273.4
1421.9
1382.8
1421.9
1367.2
1359.4
1437.5
1492.2
1398.4
1445.3
1437.5
1359.4
1390.6
1359.4
1257.8
1289.1
1265.6
1234.4
1343.8
1335.9
1421.9
1515.6
1429.7
1460.9
1484.4
1445.3
1304.7
1226.6
1164.1
1140.6
1101.6
1132.8
1171.9
1148.4
1257.8
1304.7
1289.1
1421.9
1390.6
1359.4
1375.0
1359.4
1312.5
1304.7
1250.0
1234.4
1257.8
1273.4
1304.7
1312.5
1320.3
1312.5
1351.6
1343.8
1320.3
1343.8
1382.8
1296.9
1367.2
1367.2
1320.3
1320.3
1328.1
1265.6
1343.8
1359.4
1312.5
1367.2
1328.1
1304.7
1343.8
1320.3
1296.9
1328.1
1351.6
1234.4
1304.7
1296.9
1250.0
1304.7
1320.3
1289.1
1335.9
1375.0
1312.5
1351.6
1359.4
1296.9
1312.5
1234.4
1265.6
1242.2
1187.5
1210.9
1234.4
1359.4
1359.4
1375.0
1460.9
1531.2
1445.3
1390.6
1367.2
1320.3
1335.9
1296.9
1312.5
1312.5
1242.2
1320.3
1375.0
1328.1
1382.8
1398.4
843.8
1570.3
1375.0
1367.2
1421.9
1382.8
1453.1
1632.8
1585.9
1492.2
1382.8
1421.9
1437.5
