1210.9
1203.1
1250.0
1218.8
1218.8
1203.1
1179.7
1187.5
1281.2
1296.9
1234.4
1296.9
1273.4
1203.1
1234.4
1195.3
1140.6
1171.9
1250.0
1203.1
1125.0
1062.5
1125.0
1093.8
1054.7
1023.4
960.9
1007.8
992.2
1000.0
1085.9
1171.9
1070.3
1101.6
1140.6
1062.5
1093.8
1156.2
1125.0
1078.1
1148.4
1140.6
1148.4
1257.8
1218.8
1125.0
1179.7
1203.1
1140.6
1164.1
1125.0
1148.4
1187.5
1125.0
1125.0
1031.2
960.9
906.2
890.6
867.2
898.4
945.3
1023.4
1335.9
1367.2
1265.6
1304.7
1257.8
1257.8
1320.3
1328.1
1296.9
1281.2
1312.5
1335.9
1281.2
1281.2
1265.6
1210.9
1132.8
1179.7
1164.1
1164.1
1164.1
1179.7
1187.5
1203.1
1195.3
1179.7
1164.1
1140.6
1179.7
1171.9
1187.5
1226.6
1171.9
1226.6
1187.5
1085.9
1078.1
1171.9
1117.2
1101.6
1265.6
1296.9
1101.6
1046.9
976.6
960.9
1125.0
1343.8
1234.4
1335.9
1320.3
1226.6
1265.6
1296.9
1234.4
1320.3
1296.9
1226.6
1265.6
1257.8
1203.1
1226.6
1312.5
1273.4
1109.4
984.4
968.8
1039.1
1382.8
1390.6
1312.5
1359.4
1320.3
1296.9
1320.3
1328.1
1218.8
1031.2
968.8
937.5
929.7
945.3
937.5
968.8
968.8
945.3
968.8
1085.9
1367.2
1390.6
1367.2
1312.5
1289.1
1273.4
1351.6
1359.4
1265.6
1320.3
1343.8
1250.0
1335.9
1343.8
1289.1
1289.1
1289.1
1273.4
1234.4
1257.8
1218.8
1226.6
1234.4
1242.2
1226.6
1218.8
1164.1
1070.3
1140.6
1203.1
1179.7
1218.8
1242.2
1109.4
1218.8
1273.4
1171.9
1132.8
1085.9
937.5
898.4
875.0
898.4
921.9
937.5
921.9
921.9
898.4
882.8
867.2
843.8
843.8
828.1
835.9
851.6
843.8
859.4
937.5
1023.4
1125.0
1171.9
1406.2
1406.2
1265.6
1351.6
1375.0
1335.9
1320.3
1335.9
1312.5
1234.4
1304.7
1312.5
1257.8
1328.1
1335.9
1265.6
1304.7
1304.7
1234.4
1320.3
1273.4
1250.0
1304.7
1257.8
1242.2
1265.6
1265.6
1242.2
1296.9
1242.2
1265.6
1250.0
1195.3
1210.9
1273.4
1265.6
1218.8
1250.0
1195.3
1171.9
1234.4
1257.8
1250.0
1257.8
1257.8
1226.6
1250.0
1226.6
1171.9
1164.1
1203.1
1156.2
1226.6
1187.5
1101.6
1132.8
1148.4
1093.8
1117.2
1171.9
1148.4
1132.8
1164.1
1187.5
1132.8
1171.9
1164.1
1148.4
1171.9
1179.7
1132.8
1195.3
1156.2
1125.0
1132.8
1148.4
1109.4
1132.8
1156.2
1187.5
1203.1
1156.2
1164.1
1179.7
1101.6
1171.9
1164.1
1148.4
1187.5
1195.3
1171.9
1179.7
1148.4
1156.2
1156.2
1125.0
1101.6
1156.2
1171.9
1148.4
1171.9
1171.9
1171.9
1195.3
1156.2
1250.0
1210.9
1125.0
1164.1
1234.4
1218.8
1171.9
1156.2
1117.2
1093.8
1140.6
1117.2
1195.3
1203.1
1156.2
1210.9
1140.6
1164.1
1171.9
1125.0
1140.6
1132.8
1101.6
1078.1
1054.7
945.3
914.1
945.3
1171.9
1109.4
1304.7
1250.0
1265.6
1328.1
1187.5
1242.2
1281.2
1210.9
1328.1
1312.5
1218.8
1265.6
1296.9
1250.0
1320.3
1257.8
1171.9
1203.1
1226.6
1164.1
1218.8
1242.2
1171.9
1242.2
1281.2
1226.6
1265.6
1210.9
1164.1
1203.1
1250.0
1250.0
1234.4
1304.7
1257.8
1203.1
1226.6
1195.3
1125.0
1164.1
1164.1
1109.4
1054.7
1007.8
960.9
914.1
953.1
1156.2
1203.1
1226.6
1156.2
1265.6
1406.2
1335.9
1421.9
1359.4
1304.7
1343.8
1320.3
1289.1
1343.8
1289.1
1242.2
1257.8
1257.8
1242.2
1273.4
1265.6
1195.3
1242.2
1242.2
1218.8
1203.1
1031.2
1000.0
1265.6
1257.8
1382.8
1320.3
1273.4
1382.8
1320.3
1289.1
1289.1
1273.4
1335.9
1328.1
1242.2
1257.8
1265.6
1289.1
1296.9
1320.3
1273.4
1265.6
1281.2
1242.2
1242.2
1296.9
1320.3
1289.1
1250.0
1289.1
1273.4
1273.4
1312.5
1242.2
1101.6
1179.7
1265.6
1164.1
1328.1
1156.2
1296.9
1335.9
1218.8
1257.8
1289.1
1234.4
1312.5
1304.7
1273.4
1320.3
1289.1
1312.5
1250.0
1171.9
1070.3
1054.7
1164.1
1164.1
1195.3
1437.5
1187.5
1257.8
1210.9
1359.4
1437.5
1234.4
1242.2
1234.4
1250.0
1187.5
1195.3
1281.2
1250.0
1226.6
1234.4
1195.3
1117.2
1164.1
984.4
914.1
921.9
945.3
921.9
1109.4
1203.1
1242.2
1390.6
1312.5
1281.2
1421.9
1335.9
1312.5
1375.0
1367.2
1296.9
1414.1
1406.2
1320.3
1320.3
1367.2
1320.3
1304.7
1304.7
1250.0
1234.4
1296.9
1289.1
1226.6
1289.1
1304.7
1273.4
1171.9
1140.6
1031.2
1078.1
1351.6
1367.2
1250.0
1296.9
1281.2
1210.9
1250.0
1265.6
1093.8
992.2
937.5
906.2
898.4
921.9
898.4
890.6
859.4
875.0
875.0
914.1
906.2
929.7
921.9
992.2
1148.4
1359.4
1398.4
1421.9
1359.4
1304.7
1367.2
1281.2
1187.5
1359.4
1421.9
1257.8
1382.8
1351.6
1265.6
1351.6
1312.5
1195.3
1257.8
1257.8
1195.3
1289.1
1312.5
1203.1
1250.0
1257.8
1234.4
1226.6
1281.2
1257.8
1179.7
1265.6
1312.5
1226.6
1242.2
1265.6
1234.4
1125.0
1218.8
1257.8
1195.3
1234.4
1289.1
1226.6
1218.8
1289.1
1179.7
1179.7
1203.1
1195.3
1078.1
1054.7
1078.1
1164.1
1289.1
1289.1
1195.3
1273.4
1281.2
1218.8
1218.8
1187.5
1125.0
1203.1
1171.9
1062.5
1023.4
1039.1
1007.8
984.4
1445.3
1421.9
1468.8
1437.5
1375.0
1429.7
1398.4
1312.5
1320.3
1359.4
1328.1
1375.0
1359.4
1289.1
1328.1
1312.5
1242.2
1273.4
1250.0
1179.7
1164.1
1250.0
1218.8
1218.8
1179.7
1187.5
1226.6
1234.4
1234.4
1250.0
1335.9
1281.2
1312.5
1320.3
1281.2
1296.9
1304.7
1234.4
1242.2
1218.8
1210.9
1257.8
1195.3
1156.2
1218.8
1218.8
1289.1
1296.9
1265.6
1289.1
1226.6
1226.6
1195.3
1132.8
1125.0
1101.6
1148.4
1164.1
1195.3
1281.2
1257.8
1234.4
1281.2
1257.8
1281.2
1296.9
1218.8
1171.9
1156.2
1179.7
1171.9
1179.7
1257.8
1218.8
1187.5
1203.1
1187.5
1140.6
1218.8
1195.3
1171.9
1257.8
1234.4
1234.4
1257.8
1179.7
1148.4
1132.8
1125.0
1242.2
1210.9
1234.4
1210.9
1242.2
1304.7
1265.6
1304.7
1320.3
1250.0
1281.2
1281.2
1203.1
1179.7
1195.3
1171.9
1203.1
1210.9
1218.8
1273.4
1195.3
1179.7
1203.1
1140.6
1085.9
1101.6
1085.9
1085.9
1062.5
1070.3
1101.6
1125.0
1179.7
1164.1
1156.2
1117.2
1164.1
1171.9
1164.1
1210.9
1210.9
1179.7
1281.2
1250.0
1203.1
1210.9
1179.7
1187.5
1234.4
1203.1
1203.1
1203.1
1148.4
1203.1
1195.3
1148.4
1242.2
1218.8
1187.5
1218.8
1210.9
1140.6
1187.5
1132.8
1078.1
1046.9
1109.4
1125.0
1125.0
1250.0
1203.1
1187.5
1250.0
1187.5
1203.1
1179.7
1250.0
1218.8
1156.2
1203.1
1210.9
1171.9
1203.1
1203.1
1156.2
1164.1
1156.2
1140.6
1234.4
1226.6
1218.8
1226.6
1148.4
1195.3
1179.7
1164.1
1218.8
1164.1
1085.9
1132.8
1171.9
1101.6
1156.2
1140.6
1109.4
1187.5
1164.1
1093.8
1109.4
1171.9
1132.8
1148.4
1226.6
1210.9
1156.2
1164.1
1046.9
1054.7
1195.3
1242.2
1179.7
1250.0
1226.6
1117.2
1187.5
1156.2
1140.6
1187.5
1203.1
1179.7
1195.3
1132.8
1156.2
1171.9
1195.3
1242.2
1187.5
1218.8
1210.9
1125.0
1171.9
1234.4
1179.7
1242.2
1250.0
1179.7
1195.3
1210.9
1171.9
1187.5
1234.4
1187.5
1210.9
1296.9
1257.8
1304.7
1265.6
1203.1
1179.7
1125.0
1132.8
1164.1
1140.6
1195.3
1218.8
1148.4
1218.8
1210.9
1156.2
1125.0
1148.4
1101.6
1101.6
1140.6
1078.1
1070.3
1125.0
1093.8
1179.7
1164.1
1117.2
1164.1
1140.6
1109.4
1156.2
1140.6
1140.6
1187.5
1164.1
1171.9
1218.8
1187.5
1179.7
1203.1
1179.7
1117.2
1148.4
1109.4
1101.6
1054.7
1023.4
992.2
1031.2
1132.8
1109.4
1117.2
1210.9
1132.8
1179.7
1226.6
1179.7
1164.1
1187.5
1171.9
1156.2
1203.1
1195.3
1179.7
1281.2
1250.0
1195.3
1273.4
1265.6
1179.7
1187.5
1164.1
1140.6
1203.1
1242.2
1164.1
1218.8
1242.2
1195.3
1218.8
1195.3
1140.6
1125.0
1179.7
1156.2
1195.3
1226.6
1164.1
1234.4
1187.5
1203.1
1148.4
1109.4
1085.9
1062.5
1093.8
1039.1
1054.7
1039.1
1039.1
1062.5
1023.4
1140.6
1164.1
1078.1
1148.4
1070.3
1109.4
1156.2
1101.6
1140.6
1203.1
1085.9
1078.1
1234.4
1140.6
1164.1
1265.6
1226.6
1203.1
1210.9
1179.7
1109.4
1171.9
1164.1
1140.6
1187.5
1179.7
1148.4
1187.5
1179.7
1164.1
1187.5
1210.9
1156.2
1203.1
1179.7
1015.6
953.1
1078.1
1195.3
1359.4
1382.8
1257.8
1328.1
1242.2
1101.6
976.6
937.5
890.6
890.6
937.5
1007.8
992.2
960.9
960.9
992.2
984.4
953.1
914.1
906.2
875.0
921.9
875.0
953.1
1039.1
1078.1
1031.2
1023.4
1062.5
1179.7
1312.5
1257.8
1304.7
1265.6
1273.4
1296.9
1382.8
1312.5
1320.3
1382.8
1367.2
1328.1
1273.4
1312.5
1335.9
1265.6
1304.7
1335.9
1289.1
1281.2
1375.0
1359.4
1273.4
1359.4
1390.6
1296.9
1257.8
1359.4
1382.8
1351.6
1328.1
1351.6
1328.1
1234.4
1289.1
1304.7
1257.8
1296.9
1296.9
1203.1
1179.7
1218.8
1218.8
1226.6
1281.2
1289.1
1234.4
1304.7
1257.8
1210.9
1195.3
1242.2
1242.2
1140.6
1250.0
1281.2
1203.1
1203.1
1320.3
1257.8
1218.8
1203.1
1250.0
1250.0
1226.6
1296.9
1296.9
1281.2
1250.0
1273.4
1265.6
1164.1
1140.6
1132.8
1187.5
1195.3
1218.8
1203.1
1281.2
1234.4
1226.6
1281.2
1257.8
1226.6
1265.6
1203.1
1179.7
1210.9
1179.7
1179.7
1242.2
1210.9
1226.6
1210.9
1164.1
1218.8
1179.7
1234.4
1257.8
1210.9
1132.8
1234.4
1195.3
1093.8
1125.0
1187.5
1062.5
1070.3
1109.4
1132.8
1031.2
1140.6
1218.8
1171.9
1125.0
1179.7
1148.4
1179.7
1195.3
1156.2
1132.8
1234.4
1312.5
1265.6
1257.8
1273.4
1226.6
1281.2
1273.4
1281.2
1210.9
1289.1
1242.2
1179.7
1179.7
1242.2
1179.7
1132.8
1171.9
1179.7
1109.4
1101.6
1085.9
1062.5
1070.3
1093.8
1179.7
1195.3
1070.3
1062.5
1070.3
1000.0
968.8
921.9
890.6
929.7
1023.4
1062.5
968.8
945.3
937.5
882.8
875.0
1000.0
1367.2
1343.8
1343.8
1375.0
1257.8
1304.7
1335.9
1257.8
1343.8
1351.6
1375.0
1359.4
1375.0
1335.9
1234.4
1265.6
1210.9
1273.4
1226.6
1148.4
1039.1
937.5
906.2
882.8
859.4
882.8
1000.0
1039.1
976.6
984.4
960.9
914.1
898.4
968.8
1117.2
1390.6
1234.4
1320.3
1312.5
1265.6
1273.4
1304.7
1320.3
1273.4
1320.3
1320.3
1265.6
1328.1
1281.2
1242.2
1320.3
1296.9
1257.8
1312.5
1304.7
1273.4
1257.8
1304.7
1335.9
1296.9
1296.9
1328.1
1312.5
1304.7
1351.6
1281.2
1140.6
1250.0
1273.4
1179.7
1328.1
1320.3
1265.6
1218.8
1250.0
1226.6
1132.8
1046.9
945.3
890.6
843.8
828.1
835.9
875.0
875.0
851.6
906.2
1414.1
1367.2
1273.4
1328.1
1320.3
1265.6
1210.9
1257.8
1242.2
1250.0
1156.2
1218.8
1273.4
1148.4
1179.7
1234.4
1226.6
1179.7
1203.1
1226.6
1117.2
1164.1
1187.5
1242.2
1125.0
1203.1
1210.9
1226.6
1281.2
1218.8
1203.1
1226.6
1242.2
1156.2
1210.9
1234.4
1140.6
1179.7
1156.2
1164.1
1039.1
1023.4
1031.2
1195.3
1273.4
1304.7
1359.4
1281.2
1226.6
1265.6
1250.0
1210.9
1242.2
1250.0
1187.5
1117.2
1125.0
1195.3
1148.4
1250.0
1296.9
1273.4
1234.4
1257.8
1226.6
1179.7
1226.6
1218.8
1164.1
1234.4
1210.9
1210.9
1210.9
1210.9
1218.8
1195.3
1234.4
1218.8
1304.7
1289.1
1187.5
1218.8
1242.2
1101.6
1234.4
1296.9
1250.0
1226.6
1273.4
1187.5
1164.1
1210.9
1218.8
1078.1
1125.0
1218.8
1179.7
1195.3
1250.0
1250.0
1148.4
1195.3
1273.4
1250.0
1234.4
1242.2
1281.2
1281.2
1226.6
1226.6
1250.0
1242.2
1226.6
1242.2
1281.2
1273.4
1148.4
1250.0
1250.0
1250.0
1320.3
1304.7
1265.6
1195.3
1218.8
1125.0
1000.0
929.7
1078.1
1531.2
1421.9
1460.9
1406.2
1359.4
1414.1
1398.4
1296.9
1375.0
1367.2
1359.4
1289.1
1390.6
1351.6
1257.8
1335.9
1335.9
1281.2
1343.8
1320.3
1281.2
1304.7
1328.1
1289.1
1242.2
1281.2
1273.4
1257.8
1289.1
1273.4
1242.2
1289.1
1312.5
1250.0
1265.6
1289.1
1273.4
1203.1
1218.8
1242.2
1195.3
1218.8
1312.5
1234.4
1265.6
1343.8
1257.8
1148.4
1242.2
1328.1
1250.0
1320.3
1328.1
1218.8
1281.2
1281.2
1250.0
1171.9
1218.8
1132.8
968.8
882.8
843.8
875.0
968.8
1007.8
1000.0
960.9
945.3
914.1
882.8
859.4
843.8
828.1
804.7
796.9
804.7
859.4
960.9
1000.0
968.8
1101.6
1273.4
1351.6
1273.4
1359.4
1375.0
1289.1
1382.8
1367.2
1257.8
1421.9
1421.9
1351.6
1335.9
1468.8
1375.0
1304.7
1406.2
1406.2
1281.2
1265.6
1375.0
1367.2
1289.1
1382.8
1429.7
1328.1
1265.6
1289.1
1250.0
1234.4
1265.6
1296.9
1273.4
1382.8
1265.6
1250.0
1367.2
1273.4
1335.9
1281.2
1234.4
1304.7
1320.3
1421.9
1460.9
1367.2
1367.2
1390.6
1390.6
1304.7
1382.8
1359.4
1296.9
1328.1
1367.2
1328.1
1281.2
1351.6
1312.5
1265.6
1312.5
1257.8
1195.3
1304.7
1312.5
1281.2
1390.6
1335.9
1250.0
1164.1
1078.1
984.4
937.5
968.8
1046.9
1039.1
1015.6
976.6
1078.1
1296.9
1406.2
1312.5
1398.4
1382.8
1312.5
1414.1
1382.8
1281.2
1382.8
1398.4
1304.7
1398.4
1375.0
1281.2
1375.0
1382.8
1328.1
1265.6
1343.8
1328.1
1242.2
1343.8
1335.9
1304.7
1320.3
1335.9
1281.2
1203.1
1226.6
1281.2
1242.2
1273.4
1289.1
1265.6
1242.2
1289.1
1320.3
1265.6
1312.5
1335.9
1289.1
1265.6
1281.2
1242.2
1203.1
1250.0
1265.6
1210.9
1171.9
1250.0
1312.5
1289.1
1257.8
1375.0
1367.2
1273.4
1312.5
1257.8
1210.9
1273.4
1328.1
1179.7
1203.1
1476.6
1390.6
1414.1
1484.4
1414.1
1390.6
1406.2
1398.4
1343.8
1421.9
1335.9
1273.4
1289.1
1343.8
1335.9
1343.8
1343.8
1335.9
1320.3
1367.2
1351.6
1320.3
1296.9
1351.6
1304.7
1273.4
1343.8
1375.0
1304.7
1343.8
1312.5
1273.4
1312.5
1335.9
1343.8
1398.4
1351.6
1304.7
1335.9
1312.5
1242.2
1328.1
1320.3
1257.8
1343.8
1343.8
1273.4
1367.2
1367.2
1281.2
1312.5
1359.4
1304.7
1210.9
1273.4
1289.1
1195.3
1226.6
1351.6
1242.2
1171.9
1187.5
1093.8
1093.8
1210.9
1148.4
1273.4
1351.6
1257.8
1382.8
1382.8
1289.1
1367.2
1382.8
1296.9
1367.2
1390.6
1343.8
1304.7
1359.4
1335.9
1351.6
1289.1
1375.0
1382.8
1335.9
1281.2
1351.6
1328.1
1242.2
1343.8
1304.7
1257.8
1328.1
1367.2
1304.7
1265.6
1312.5
1343.8
1234.4
1296.9
1320.3
1218.8
1296.9
1289.1
1187.5
1265.6
1257.8
1195.3
1273.4
1281.2
1195.3
1281.2
1375.0
1304.7
1320.3
1328.1
1343.8
1328.1
1421.9
1437.5
1367.2
1445.3
1429.7
1375.0
1304.7
1429.7
1421.9
1312.5
1406.2
1398.4
1343.8
1351.6
1382.8
1382.8
1289.1
1328.1
1328.1
1296.9
1281.2
1359.4
1398.4
1257.8
1257.8
1304.7
1312.5
1257.8
1382.8
1359.4
1257.8
1304.7
1312.5
1328.1
1312.5
1257.8
1375.0
1390.6
1320.3
1390.6
1414.1
1296.9
1351.6
1335.9
1343.8
1312.5
1257.8
1398.4
1414.1
1218.8
1312.5
1437.5
1289.1
1226.6
1359.4
1164.1
1078.1
1078.1
1093.8
992.2
937.5
1093.8
1343.8
1242.2
1296.9
1398.4
1421.9
1367.2
1468.8
1445.3
1382.8
1453.1
1343.8
1367.2
1421.9
1437.5
1328.1
1390.6
1406.2
1351.6
1320.3
1468.8
1468.8
1453.1
1460.9
1414.1
1421.9
1398.4
1445.3
1445.3
1375.0
1445.3
1445.3
1351.6
1375.0
1382.8
1359.4
1390.6
1367.2
1335.9
1375.0
1382.8
1367.2
1390.6
1437.5
1390.6
1375.0
1414.1
1359.4
1328.1
1398.4
1359.4
1273.4
1351.6
1359.4
1312.5
1406.2
1390.6
1320.3
1445.3
1390.6
1296.9
1335.9
1382.8
1296.9
1398.4
1421.9
1343.8
1429.7
1382.8
1304.7
1359.4
1328.1
1265.6
1281.2
1320.3
1296.9
1375.0
1367.2
1320.3
1375.0
1375.0
1320.3
1375.0
1367.2
1281.2
1367.2
1328.1
1265.6
1359.4
1375.0
1304.7
1351.6
1390.6
1343.8
1273.4
1351.6
1296.9
1312.5
1382.8
1289.1
1382.8
1375.0
1328.1
1414.1
1218.8
1226.6
1320.3
1250.0
1468.8
1492.2
1390.6
1539.1
1562.5
1234.4
1328.1
1414.1
1484.4
1546.9
1531.2
1570.3
1562.5
1531.2
1523.4
1484.4
1445.3
1437.5
1437.5
1375.0
1367.2
1421.9
1375.0
1320.3
1367.2
1359.4
1367.2
1414.1
1390.6
1281.2
1375.0
1367.2
1273.4
1398.4
1382.8
1281.2
1335.9
1406.2
1312.5
1351.6
1421.9
1359.4
1335.9
1398.4
1312.5
1289.1
1359.4
1257.8
1265.6
1273.4
1226.6
1203.1
1289.1
1304.7
1343.8
1359.4
1359.4
1359.4
1414.1
1312.5
1382.8
1375.0
1304.7
1335.9
1335.9
1398.4
1359.4
1328.1
1398.4
1390.6
1359.4
1414.1
1359.4
1328.1
1398.4
1351.6
1320.3
1351.6
1343.8
1304.7
1320.3
1296.9
1343.8
1328.1
1406.2
1359.4
1343.8
1382.8
1367.2
1281.2
1390.6
1398.4
1328.1
1406.2
1382.8
1289.1
1406.2
1359.4
1187.5
1257.8
1304.7
1273.4
1531.2
1507.8
1398.4
1531.2
1445.3
1460.9
1445.3
1343.8
1453.1
1414.1
1335.9
1398.4
1375.0
1335.9
1335.9
1343.8
1289.1
1382.8
1359.4
1304.7
1335.9
1335.9
1343.8
1445.3
1398.4
1343.8
1414.1
1375.0
1445.3
1390.6
1328.1
1421.9
1414.1
1343.8
1414.1
1414.1
1359.4
1375.0
1367.2
1367.2
1367.2
1304.7
1234.4
1312.5
1351.6
1335.9
1421.9
1406.2
1375.0
1500.0
1406.2
1421.9
1468.8
1390.6
1398.4
1398.4
1320.3
1296.9
1375.0
1343.8
1367.2
1375.0
1289.1
1343.8
1398.4
1328.1
1335.9
1343.8
1296.9
1359.4
1390.6
1359.4
1406.2
1414.1
1312.5
1375.0
1375.0
1328.1
1367.2
1367.2
1296.9
1320.3
1359.4
1289.1
1375.0
1335.9
1265.6
1382.8
1406.2
1304.7
1421.9
1398.4
1320.3
1382.8
1375.0
1281.2
1359.4
1367.2
1281.2
1367.2
1335.9
1257.8
1351.6
1320.3
1296.9
1328.1
1343.8
1304.7
1367.2
1335.9
1296.9
1367.2
1328.1
1296.9
1390.6
1375.0
1335.9
1414.1
1398.4
1335.9
1421.9
1406.2
1343.8
1375.0
1367.2
1304.7
1382.8
1351.6
1257.8
1343.8
1343.8
1234.4
1234.4
1265.6
1195.3
1281.2
1273.4
1195.3
1296.9
1296.9
1281.2
1437.5
1414.1
1351.6
1414.1
1398.4
1328.1
1375.0
1351.6
1265.6
1351.6
1320.3
1281.2
1351.6
1328.1
1328.1
1382.8
1343.8
1273.4
1320.3
1343.8
1265.6
1367.2
1375.0
1335.9
1390.6
1375.0
1351.6
1382.8
1328.1
1343.8
1375.0
1320.3
1382.8
1382.8
1312.5
1304.7
1343.8
1335.9
1351.6
1390.6
1351.6
1296.9
1382.8
1351.6
1296.9
1375.0
1343.8
1320.3
1367.2
1328.1
1328.1
1390.6
1343.8
1273.4
1367.2
1320.3
1257.8
1375.0
1375.0
1398.4
1453.1
1328.1
1421.9
1460.9
1398.4
1421.9
1421.9
1351.6
1398.4
1453.1
1335.9
1359.4
1406.2
1359.4
1421.9
1359.4
1414.1
1375.0
1320.3
1437.5
1375.0
1343.8
1390.6
1382.8
1335.9
1414.1
1382.8
1320.3
1375.0
1320.3
1289.1
1351.6
1335.9
1304.7
1359.4
1320.3
1265.6
1335.9
1343.8
1265.6
1343.8
1382.8
1304.7
1351.6
1296.9
1203.1
1250.0
1453.1
1351.6
1562.5
1531.2
1539.1
1593.8
1390.6
1484.4
1507.8
1421.9
1476.6
1453.1
1390.6
1453.1
1460.9
1390.6
1468.8
1406.2
1375.0
1359.4
1304.7
1382.8
1406.2
1351.6
1367.2
1382.8
1343.8
1343.8
1367.2
1367.2
1335.9
1460.9
1382.8
1351.6
1414.1
1335.9
1390.6
1398.4
1281.2
1328.1
1351.6
1289.1
1351.6
1375.0
1296.9
1304.7
1375.0
1312.5
1343.8
1382.8
1320.3
1343.8
1367.2
1328.1
1468.8
1406.2
1359.4
1351.6
1351.6
1304.7
1312.5
1296.9
1242.2
1320.3
1289.1
1445.3
1468.8
1367.2
1429.7
1367.2
1343.8
1414.1
1390.6
1320.3
1398.4
1375.0
1304.7
1406.2
1406.2
1312.5
1398.4
1359.4
1328.1
1375.0
1320.3
1390.6
1421.9
1343.8
1367.2
1406.2
1335.9
1320.3
1382.8
1406.2
1265.6
1367.2
1359.4
1257.8
1304.7
1351.6
1328.1
1390.6
1335.9
1398.4
1398.4
1304.7
1398.4
1390.6
1304.7
1398.4
1359.4
1375.0
1414.1
1359.4
1390.6
1390.6
1304.7
1328.1
1375.0
1320.3
1335.9
1382.8
1296.9
1273.4
1335.9
1320.3
1296.9
1406.2
1320.3
1343.8
1320.3
1265.6
1273.4
1328.1
1312.5
1304.7
1382.8
1343.8
1328.1
1406.2
1359.4
1320.3
1367.2
1343.8
1265.6
1351.6
1328.1
1335.9
1445.3
1375.0
1437.5
1445.3
1351.6
1421.9
1382.8
1320.3
1414.1
1382.8
1335.9
1351.6
1375.0
1242.2
1289.1
1312.5
1226.6
1343.8
1382.8
1289.1
1390.6
1390.6
1320.3
1398.4
1367.2
1429.7
1421.9
1328.1
1390.6
1406.2
1343.8
1429.7
1375.0
1304.7
1390.6
1343.8
1351.6
1390.6
1320.3
1359.4
1390.6
1359.4
1343.8
1398.4
1343.8
1367.2
1359.4
1304.7
1398.4
1367.2
1335.9
1398.4
1296.9
1304.7
1281.2
1156.2
1257.8
1414.1
1335.9
1500.0
1484.4
1382.8
1460.9
1421.9
1492.2
1429.7
1382.8
1429.7
1367.2
1335.9
1460.9
1335.9
1351.6
1398.4
1328.1
1312.5
1367.2
1328.1
1312.5
1359.4
1335.9
1382.8
1453.1
1375.0
1328.1
1429.7
1390.6
1421.9
1437.5
1367.2
1398.4
1414.1
1343.8
1437.5
1367.2
1312.5
1414.1
1367.2
1343.8
1390.6
1359.4
1304.7
1382.8
1367.2
1296.9
1382.8
1375.0
1320.3
1406.2
1359.4
1328.1
1390.6
1382.8
1312.5
1375.0
1367.2
1296.9
1320.3
1328.1
1265.6
1367.2
1328.1
1382.8
1484.4
1421.9
1382.8
1421.9
1375.0
1351.6
1367.2
1296.9
1359.4
1390.6
1304.7
1265.6
1312.5
1289.1
1296.9
1406.2
1320.3
1382.8
1445.3
1351.6
1343.8
1351.6
1250.0
1335.9
1367.2
1328.1
1445.3
1460.9
1398.4
1500.0
1429.7
1335.9
1414.1
1343.8
1320.3
1375.0
1281.2
1312.5
1398.4
1343.8
1367.2
1445.3
1382.8
1343.8
1414.1
1382.8
1304.7
1406.2
1375.0
1312.5
1367.2
1343.8
1304.7
1351.6
1351.6
1257.8
1343.8
1304.7
1242.2
1312.5
1296.9
1210.9
1273.4
1242.2
1187.5
1218.8
1312.5
1242.2
1343.8
1359.4
1312.5
1359.4
1351.6
1257.8
1343.8
1375.0
1289.1
1359.4
1375.0
1320.3
1351.6
1390.6
1343.8
1382.8
1421.9
1328.1
1406.2
1437.5
1359.4
1445.3
1406.2
1320.3
1421.9
1382.8
1312.5
1382.8
1351.6
1312.5
1359.4
1351.6
1265.6
1328.1
1296.9
1226.6
1304.7
1335.9
1242.2
1312.5
1304.7
1242.2
1304.7
1250.0
1390.6
1500.0
1437.5
1390.6
1554.7
1453.1
1453.1
1429.7
1351.6
1421.9
1375.0
1312.5
1382.8
1375.0
1320.3
1390.6
1351.6
1335.9
1390.6
1320.3
1281.2
1390.6
1343.8
1296.9
1351.6
1320.3
1257.8
1398.4
1359.4
1312.5
1367.2
1328.1
1414.1
1406.2
1343.8
1414.1
1429.7
1359.4
1398.4
1421.9
1312.5
1382.8
1382.8
1320.3
1421.9
1414.1
1343.8
1414.1
1390.6
1328.1
1382.8
1289.1
1335.9
1390.6
1296.9
1343.8
1343.8
1289.1
1281.2
1312.5
1257.8
1359.4
1382.8
1320.3
1390.6
1375.0
1296.9
1375.0
1359.4
1281.2
1351.6
1382.8
1335.9
1414.1
1296.9
1367.2
1421.9
1335.9
1406.2
1382.8
1320.3
1421.9
1382.8
1273.4
1343.8
1382.8
1296.9
1375.0
1375.0
1273.4
1359.4
1335.9
1250.0
1335.9
1312.5
1250.0
1328.1
1367.2
1335.9
1406.2
1367.2
1406.2
1414.1
1328.1
1359.4
1359.4
1304.7
1343.8
1335.9
1265.6
1359.4
1382.8
1257.8
1359.4
1390.6
1281.2
1359.4
1390.6
1296.9
1375.0
1351.6
1281.2
1351.6
1359.4
1367.2
1343.8
1273.4
1343.8
1343.8
1242.2
1328.1
1398.4
1312.5
1359.4
1406.2
1320.3
1390.6
1335.9
1335.9
1398.4
1343.8
1328.1
1359.4
1289.1
1359.4
1359.4
1265.6
1304.7
1296.9
1234.4
1242.2
1421.9
1359.4
1281.2
1375.0
1367.2
1265.6
1351.6
1359.4
1289.1
1375.0
1382.8
1281.2
1390.6
1367.2
1304.7
1367.2
1375.0
1320.3
1406.2
1445.3
1328.1
1406.2
1429.7
1312.5
1367.2
1359.4
1289.1
1398.4
1375.0
1328.1
1414.1
1367.2
1296.9
1390.6
1367.2
1257.8
1359.4
1343.8
1304.7
1359.4
1343.8
1273.4
1390.6
1375.0
1343.8
1398.4
1343.8
1398.4
1406.2
1335.9
1359.4
1476.6
1375.0
1367.2
1398.4
1367.2
1304.7
1382.8
1335.9
1312.5
1398.4
1367.2
1289.1
1343.8
1367.2
1320.3
1406.2
1359.4
1312.5
1382.8
1367.2
1343.8
1398.4
1343.8
1312.5
1406.2
1343.8
1242.2
1335.9
1257.8
1273.4
1343.8
1289.1
1375.0
1367.2
1304.7
1390.6
1382.8
1335.9
1406.2
1335.9
1304.7
1367.2
1390.6
1367.2
1375.0
1296.9
1289.1
1375.0
1296.9
1367.2
1382.8
1304.7
1414.1
1421.9
1375.0
1421.9
1343.8
1351.6
1398.4
1343.8
1304.7
1382.8
1382.8
1296.9
1343.8
1382.8
1250.0
1367.2
1398.4
1328.1
1414.1
1414.1
1328.1
1382.8
1390.6
1296.9
1367.2
1343.8
1351.6
1375.0
1359.4
1289.1
1382.8
1312.5
1265.6
1250.0
1140.6
1164.1
1367.2
1351.6
1390.6
1523.4
1492.2
1468.8
1476.6
1398.4
1484.4
1406.2
1367.2
1453.1
1398.4
1320.3
1414.1
1382.8
1351.6
1476.6
1406.2
1359.4
1421.9
1367.2
1296.9
1359.4
1382.8
1289.1
1375.0
1304.7
1351.6
1382.8
1289.1
1343.8
1375.0
1273.4
1390.6
1414.1
1382.8
1429.7
1390.6
1414.1
1382.8
1359.4
1421.9
1375.0
1328.1
1421.9
1406.2
1304.7
1398.4
1390.6
1312.5
1359.4
1359.4
1312.5
1375.0
1304.7
1343.8
1382.8
1359.4
1343.8
1359.4
1320.3
1351.6
1382.8
1296.9
1437.5
1453.1
1320.3
1414.1
1390.6
1335.9
1375.0
1304.7
1328.1
1382.8
1312.5
1312.5
1414.1
1343.8
1351.6
1390.6
1312.5
1390.6
1398.4
1312.5
1421.9
1390.6
1296.9
1421.9
1367.2
1289.1
1320.3
1367.2
1296.9
1398.4
1429.7
1351.6
1437.5
1367.2
1359.4
1414.1
1406.2
1390.6
1421.9
1359.4
1351.6
1437.5
1351.6
1390.6
1406.2
1390.6
1367.2
1414.1
1367.2
1414.1
1414.1
1351.6
1398.4
1398.4
1296.9
1351.6
1335.9
1304.7
1335.9
1320.3
1367.2
1398.4
1335.9
1382.8
1382.8
1328.1
1398.4
1445.3
1382.8
1429.7
1375.0
1359.4
1421.9
1335.9
1367.2
1398.4
1281.2
1351.6
1390.6
1296.9
1421.9
1390.6
1421.9
1453.1
1367.2
1375.0
1421.9
1375.0
1335.9
1375.0
1351.6
1296.9
1367.2
1296.9
1312.5
1351.6
1289.1
1281.2
1375.0
1375.0
1359.4
1398.4
1375.0
1414.1
1328.1
1234.4
1335.9
1250.0
1343.8
1375.0
1265.6
1367.2
1406.2
1343.8
1296.9
1328.1
1312.5
1335.9
1335.9
1320.3
1382.8
1460.9
1398.4
1468.8
1406.2
1382.8
1421.9
1367.2
1375.0
1406.2
1312.5
1382.8
1382.8
1296.9
1343.8
1328.1
1273.4
1351.6
1320.3
1312.5
1265.6
1273.4
1265.6
1351.6
1359.4
1273.4
1312.5
1296.9
1257.8
1367.2
1359.4
1250.0
1328.1
1320.3
1273.4
1398.4
1414.1
1328.1
1390.6
1359.4
1281.2
1382.8
1382.8
1296.9
1375.0
1351.6
1406.2
1421.9
1335.9
1429.7
1406.2
1367.2
1382.8
1304.7
1320.3
1375.0
1296.9
1382.8
1367.2
1281.2
1343.8
1351.6
1273.4
1367.2
1351.6
1359.4
1382.8
1289.1
1343.8
1343.8
1281.2
1382.8
1367.2
1289.1
1335.9
1281.2
1242.2
1312.5
1289.1
1328.1
1375.0
1312.5
1375.0
1406.2
1304.7
1429.7
1414.1
1367.2
1429.7
1406.2
1328.1
1398.4
1367.2
1265.6
1343.8
1343.8
1320.3
1476.6
1453.1
1398.4
1460.9
1382.8
1375.0
1429.7
1320.3
1406.2
1398.4
1296.9
1390.6
1367.2
1351.6
1375.0
1375.0
1281.2
1375.0
1351.6
1289.1
1421.9
1398.4
1304.7
1375.0
1375.0
1289.1
1382.8
1398.4
1406.2
1406.2
1343.8
1429.7
1437.5
1335.9
1414.1
1359.4
1335.9
1437.5
1398.4
1351.6
1414.1
1343.8
1210.9
1148.4
1109.4
1109.4
1218.8
1117.2
1312.5
1312.5
1281.2
1343.8
1468.8
1382.8
1421.9
1375.0
1460.9
1390.6
1359.4
1437.5
1398.4
1406.2
1445.3
1328.1
1351.6
1445.3
1375.0
1398.4
1437.5
1359.4
1328.1
1414.1
1367.2
1328.1
1382.8
1367.2
1320.3
1414.1
1367.2
1343.8
1382.8
1304.7
1343.8
1375.0
1320.3
1414.1
1390.6
1296.9
1398.4
1335.9
1320.3
1429.7
1328.1
1390.6
1406.2
1375.0
1429.7
1343.8
1406.2
1328.1
1234.4
1367.2
1367.2
1398.4
1476.6
1453.1
1398.4
1414.1
1445.3
1406.2
1476.6
1414.1
1398.4
1460.9
1390.6
1367.2
1375.0
1320.3
1304.7
1382.8
1312.5
1375.0
1382.8
1289.1
1343.8
1375.0
1250.0
1359.4
1375.0
1335.9
1382.8
1304.7
1382.8
1382.8
1312.5
1398.4
1390.6
1359.4
1421.9
1343.8
1375.0
1367.2
1328.1
1359.4
1367.2
1304.7
1351.6
1359.4
1375.0
1406.2
1328.1
1398.4
1398.4
1328.1
1398.4
1351.6
1328.1
1398.4
1304.7
1359.4
1343.8
1320.3
1414.1
1382.8
1351.6
1398.4
1320.3
1429.7
1359.4
1335.9
1390.6
1304.7
1390.6
1390.6
1328.1
1351.6
1335.9
1312.5
1390.6
1351.6
1273.4
1328.1
1312.5
1328.1
1359.4
1312.5
1359.4
1328.1
1304.7
1351.6
1359.4
1335.9
1382.8
1367.2
1343.8
1375.0
1320.3
1390.6
1320.3
1335.9
1367.2
1320.3
1406.2
1398.4
1257.8
1304.7
1242.2
1164.1
1179.7
1187.5
1296.9
1289.1
1281.2
1359.4
1351.6
1312.5
1382.8
1312.5
1359.4
1351.6
1296.9
1351.6
1367.2
1312.5
1359.4
1296.9
1328.1
1390.6
1359.4
1421.9
1367.2
1453.1
1398.4
1359.4
1375.0
1343.8
1320.3
1265.6
1273.4
1343.8
1289.1
1375.0
1390.6
1351.6
1421.9
1382.8
1351.6
1382.8
1351.6
1390.6
1414.1
1335.9
1390.6
1382.8
1296.9
1375.0
1359.4
1304.7
1390.6
1382.8
1281.2
1335.9
1312.5
1335.9
1382.8
1343.8
1367.2
1406.2
1351.6
1429.7
1421.9
1328.1
1398.4
1390.6
1312.5
1382.8
1375.0
1328.1
1445.3
1359.4
1312.5
1460.9
1359.4
1375.0
1421.9
1296.9
1367.2
1421.9
1351.6
1460.9
1414.1
1398.4
1312.5
1351.6
1390.6
1382.8
1460.9
1382.8
1390.6
1398.4
1320.3
1390.6
1390.6
1367.2
1421.9
1343.8
1382.8
1398.4
1328.1
1375.0
1351.6
1335.9
1414.1
1320.3
1375.0
1367.2
1289.1
1359.4
1312.5
1328.1
1359.4
1343.8
1382.8
1390.6
1296.9
1390.6
1367.2
1335.9
1367.2
1343.8
1343.8
1351.6
1335.9
1429.7
1328.1
1289.1
1250.0
1234.4
1328.1
1445.3
1429.7
1460.9
1453.1
1421.9
1492.2
1460.9
1359.4
1429.7
1398.4
1343.8
1421.9
1343.8
1351.6
1367.2
1312.5
1398.4
1398.4
1335.9
1398.4
1359.4
1320.3
1390.6
1296.9
1375.0
1359.4
1304.7
1390.6
1429.7
1359.4
1476.6
1390.6
1390.6
1414.1
1320.3
1398.4
1359.4
1273.4
1382.8
1398.4
1320.3
1375.0
1335.9
1312.5
1335.9
1273.4
1359.4
1375.0
1320.3
1343.8
1351.6
1382.8
1343.8
1437.5
1398.4
1390.6
1421.9
1406.2
1429.7
1460.9
1328.1
1390.6
1445.3
1320.3
1414.1
1382.8
1343.8
1406.2
1328.1
1289.1
1351.6
1328.1
1312.5
1437.5
1382.8
1445.3
1429.7
1367.2
1460.9
1421.9
1328.1
1414.1
1367.2
1273.4
1390.6
1382.8
1312.5
1406.2
1375.0
1304.7
1351.6
1375.0
1281.2
1351.6
1328.1
1281.2
1320.3
1335.9
1257.8
1296.9
1312.5
1257.8
1335.9
1335.9
1296.9
1421.9
1453.1
1359.4
1437.5
1460.9
1359.4
1390.6
1375.0
1273.4
1343.8
1382.8
1304.7
1343.8
1414.1
1375.0
1375.0
1390.6
1367.2
1375.0
1382.8
1382.8
1390.6
1328.1
1406.2
1406.2
1343.8
1367.2
1382.8
1289.1
1343.8
1328.1
1320.3
1351.6
1273.4
1273.4
1304.7
1218.8
1250.0
1273.4
1218.8
1281.2
945.3
1492.2
1328.1
1406.2
1351.6
1343.8
1406.2
1328.1
1343.8
1390.6
1367.2
1406.2
1335.9
1320.3
1390.6
1351.6
1351.6
1359.4
1312.5
1382.8
1328.1
1289.1
1398.4
1375.0
1367.2
1398.4
1343.8
1351.6
1375.0
1281.2
1359.4
1328.1
1273.4
1335.9
1304.7
1289.1
1328.1
1312.5
1421.9
1390.6
1351.6
1421.9
1398.4
1335.9
1398.4
1375.0
1312.5
1398.4
1351.6
1265.6
1367.2
1312.5
1234.4
1328.1
1351.6
1250.0
1328.1
1390.6
1367.2
1359.4
1343.8
1429.7
1421.9
1375.0
1437.5
1382.8
1312.5
1390.6
1328.1
1343.8
1390.6
1335.9
1351.6
1398.4
1296.9
1398.4
1390.6
1273.4
1328.1
1367.2
1343.8
1375.0
1304.7
1375.0
1398.4
1257.8
1328.1
1343.8
1304.7
1382.8
1390.6
1312.5
1414.1
1343.8
1281.2
1359.4
1382.8
1320.3
1437.5
1429.7
1359.4
1429.7
1359.4
1281.2
1359.4
1320.3
1257.8
1335.9
1320.3
1304.7
1367.2
1343.8
1289.1
1382.8
1343.8
1312.5
1335.9
1335.9
1343.8
1335.9
1304.7
1281.2
1351.6
1359.4
1328.1
1406.2
1390.6
1343.8
1421.9
1351.6
1250.0
1296.9
1320.3
1265.6
1320.3
1289.1
1328.1
1367.2
1281.2
1367.2
1351.6
1273.4
1343.8
1335.9
1281.2
1343.8
1359.4
1296.9
1382.8
1343.8
1398.4
1351.6
1281.2
1367.2
1367.2
1320.3
1382.8
1343.8
1312.5
1375.0
1312.5
1328.1
1390.6
1304.7
1367.2
1375.0
1312.5
1390.6
1359.4
1343.8
1359.4
1328.1
1257.8
1343.8
1328.1
1257.8
1390.6
1351.6
1335.9
1367.2
1390.6
1312.5
1390.6
1375.0
1351.6
1382.8
1351.6
1265.6
1367.2
1304.7
1320.3
1359.4
1273.4
1359.4
1367.2
1289.1
1390.6
1390.6
1296.9
1343.8
1359.4
1289.1
1343.8
1335.9
1343.8
1398.4
1304.7
1375.0
1406.2
1320.3
1367.2
1398.4
1343.8
1390.6
1367.2
1312.5
1382.8
1296.9
1343.8
1351.6
1289.1
1257.8
1335.9
1289.1
1289.1
1390.6
1343.8
1359.4
1398.4
1304.7
1351.6
1367.2
1257.8
1382.8
1351.6
1234.4
1335.9
1367.2
1296.9
1367.2
1390.6
1289.1
1359.4
1382.8
1328.1
1445.3
1343.8
1445.3
1390.6
1289.1
1382.8
1359.4
1312.5
1335.9
1335.9
1242.2
1296.9
1195.3
1234.4
1226.6
1187.5
1265.6
1289.1
1281.2
1359.4
1335.9
1265.6
1375.0
1335.9
1304.7
1398.4
1312.5
1382.8
1390.6
1250.0
1335.9
1335.9
1250.0
1335.9
1335.9
1289.1
1382.8
1351.6
1273.4
1406.2
1390.6
1351.6
1429.7
1390.6
1296.9
1398.4
1406.2
1382.8
1445.3
1390.6
1351.6
1445.3
1328.1
1414.1
1398.4
1273.4
1335.9
1390.6
1328.1
1367.2
1375.0
1335.9
1406.2
1359.4
1296.9
1375.0
1343.8
1265.6
1351.6
1328.1
1234.4
1320.3
1335.9
1226.6
1335.9
1335.9
1226.6
1328.1
1335.9
1250.0
1335.9
1359.4
1351.6
1492.2
1398.4
1398.4
1492.2
1351.6
1398.4
1390.6
1265.6
1382.8
1414.1
1343.8
1398.4
1351.6
1328.1
1421.9
1398.4
1296.9
1367.2
1375.0
1265.6
1382.8
1343.8
1265.6
1320.3
1351.6
1281.2
1382.8
1343.8
1304.7
1382.8
1343.8
1304.7
1351.6
1351.6
1296.9
1445.3
1390.6
1390.6
1375.0
1312.5
1281.2
1382.8
1359.4
1343.8
1445.3
1328.1
1382.8
1414.1
1281.2
1406.2
1398.4
1312.5
1406.2
1382.8
1296.9
1375.0
1382.8
1296.9
1390.6
1382.8
1257.8
1359.4
1375.0
1257.8
1320.3
1367.2
1343.8
1328.1
1429.7
1382.8
1335.9
1398.4
1367.2
1312.5
1406.2
1382.8
1312.5
1390.6
1367.2
1375.0
1429.7
1328.1
1367.2
1398.4
1320.3
1320.3
1328.1
1281.2
1265.6
1328.1
1296.9
1304.7
1375.0
1281.2
1367.2
1382.8
1359.4
1375.0
1406.2
1312.5
1382.8
1382.8
1257.8
1351.6
1375.0
1304.7
1398.4
1398.4
1281.2
1382.8
1359.4
1289.1
1367.2
1367.2
1320.3
1382.8
1406.2
1343.8
1414.1
1429.7
1296.9
1398.4
1406.2
1273.4
1390.6
1390.6
1242.2
1132.8
1039.1
976.6
929.7
914.1
882.8
890.6
851.6
843.8
835.9
804.7
796.9
804.7
804.7
789.1
796.9
789.1
796.9
