929.7
875.0
851.6
937.5
937.5
953.1
882.8
867.2
828.1
781.2
734.4
757.8
742.2
835.9
875.0
882.8
812.5
820.3
867.2
867.2
804.7
750.0
742.2
726.6
773.4
890.6
937.5
960.9
835.9
796.9
789.1
828.1
945.3
984.4
976.6
976.6
906.2
859.4
867.2
914.1
898.4
820.3
820.3
906.2
953.1
890.6
828.1
921.9
960.9
929.7
851.6
835.9
929.7
976.6
960.9
945.3
953.1
1000.0
976.6
914.1
921.9
960.9
953.1
945.3
953.1
976.6
953.1
929.7
914.1
968.8
984.4
976.6
976.6
960.9
968.8
953.1
929.7
937.5
960.9
976.6
968.8
945.3
960.9
976.6
960.9
937.5
968.8
960.9
945.3
906.2
929.7
937.5
914.1
898.4
890.6
929.7
953.1
937.5
921.9
937.5
968.8
960.9
945.3
929.7
937.5
937.5
921.9
914.1
929.7
945.3
914.1
906.2
914.1
937.5
929.7
929.7
937.5
953.1
960.9
929.7
890.6
921.9
960.9
960.9
906.2
906.2
953.1
960.9
898.4
890.6
945.3
992.2
945.3
914.1
906.2
960.9
992.2
929.7
890.6
945.3
1000.0
984.4
929.7
992.2
1000.0
960.9
898.4
921.9
984.4
945.3
890.6
914.1
960.9
937.5
914.1
921.9
968.8
953.1
914.1
867.2
898.4
968.8
960.9
953.1
906.2
953.1
976.6
906.2
875.0
898.4
921.9
898.4
875.0
875.0
914.1
898.4
875.0
851.6
906.2
929.7
867.2
773.4
796.9
859.4
953.1
937.5
898.4
914.1
953.1
953.1
945.3
898.4
953.1
960.9
953.1
914.1
898.4
929.7
921.9
898.4
835.9
875.0
945.3
937.5
890.6
882.8
960.9
953.1
890.6
820.3
796.9
820.3
929.7
914.1
859.4
906.2
906.2
867.2
851.6
906.2
937.5
914.1
906.2
921.9
960.9
976.6
898.4
890.6
929.7
960.9
921.9
882.8
898.4
953.1
953.1
890.6
828.1
882.8
945.3
921.9
882.8
867.2
921.9
945.3
890.6
859.4
898.4
945.3
898.4
859.4
875.0
945.3
945.3
890.6
859.4
921.9
937.5
882.8
828.1
875.0
921.9
914.1
867.2
882.8
914.1
921.9
890.6
882.8
921.9
929.7
914.1
859.4
859.4
898.4
882.8
843.8
867.2
914.1
906.2
859.4
843.8
898.4
960.9
929.7
875.0
882.8
945.3
960.9
960.9
945.3
890.6
835.9
875.0
929.7
906.2
835.9
828.1
882.8
953.1
882.8
828.1
851.6
890.6
890.6
898.4
914.1
906.2
890.6
859.4
859.4
890.6
945.3
937.5
882.8
859.4
875.0
921.9
890.6
867.2
906.2
929.7
906.2
875.0
859.4
906.2
937.5
929.7
882.8
890.6
945.3
937.5
867.2
867.2
914.1
937.5
906.2
851.6
867.2
937.5
953.1
906.2
867.2
890.6
929.7
921.9
882.8
875.0
929.7
968.8
945.3
906.2
945.3
976.6
929.7
882.8
898.4
937.5
921.9
906.2
921.9
937.5
945.3
898.4
843.8
875.0
890.6
882.8
859.4
851.6
921.9
921.9
882.8
867.2
914.1
914.1
890.6
851.6
835.9
875.0
890.6
875.0
851.6
843.8
906.2
937.5
898.4
843.8
828.1
875.0
898.4
859.4
835.9
859.4
882.8
812.5
765.6
757.8
781.2
875.0
906.2
875.0
828.1
859.4
921.9
890.6
859.4
875.0
867.2
835.9
796.9
765.6
812.5
921.9
945.3
945.3
937.5
890.6
921.9
875.0
820.3
781.2
828.1
906.2
898.4
859.4
835.9
882.8
945.3
921.9
859.4
843.8
890.6
921.9
882.8
843.8
882.8
921.9
890.6
835.9
796.9
835.9
921.9
921.9
882.8
875.0
921.9
929.7
875.0
820.3
820.3
906.2
945.3
828.1
828.1
867.2
890.6
851.6
843.8
906.2
968.8
937.5
859.4
820.3
843.8
921.9
890.6
859.4
867.2
906.2
914.1
828.1
812.5
835.9
914.1
914.1
843.8
828.1
882.8
937.5
882.8
835.9
828.1
875.0
929.7
875.0
851.6
859.4
914.1
929.7
843.8
812.5
851.6
921.9
906.2
843.8
859.4
906.2
945.3
875.0
882.8
914.1
960.9
898.4
859.4
843.8
875.0
945.3
867.2
859.4
812.5
750.0
796.9
812.5
890.6
976.6
1015.6
937.5
882.8
867.2
906.2
984.4
929.7
867.2
843.8
906.2
968.8
851.6
828.1
921.9
984.4
882.8
875.0
929.7
976.6
867.2
828.1
796.9
875.0
968.8
890.6
835.9
882.8
960.9
960.9
867.2
859.4
898.4
968.8
867.2
882.8
945.3
968.8
906.2
937.5
921.9
898.4
968.8
992.2
898.4
906.2
890.6
960.9
992.2
882.8
890.6
984.4
984.4
859.4
835.9
906.2
1000.0
898.4
898.4
945.3
1007.8
906.2
898.4
945.3
984.4
976.6
914.1
921.9
960.9
976.6
890.6
890.6
1007.8
1007.8
929.7
914.1
976.6
992.2
914.1
898.4
945.3
945.3
906.2
867.2
875.0
960.9
976.6
890.6
859.4
851.6
953.1
968.8
890.6
882.8
953.1
984.4
945.3
882.8
898.4
968.8
937.5
843.8
859.4
937.5
960.9
921.9
867.2
929.7
953.1
976.6
898.4
843.8
898.4
976.6
921.9
882.8
906.2
984.4
984.4
890.6
867.2
906.2
976.6
882.8
890.6
898.4
992.2
1015.6
976.6
890.6
960.9
992.2
937.5
890.6
945.3
976.6
929.7
882.8
914.1
976.6
960.9
906.2
890.6
968.8
1000.0
937.5
875.0
