789.1
734.4
710.9
726.6
773.4
812.5
804.7
750.0
726.6
750.0
835.9
859.4
859.4
875.0
812.5
757.8
750.0
796.9
890.6
851.6
804.7
789.1
851.6
898.4
835.9
796.9
781.2
875.0
929.7
882.8
820.3
851.6
937.5
921.9
828.1
773.4
875.0
937.5
906.2
835.9
796.9
914.1
960.9
859.4
789.1
820.3
898.4
937.5
867.2
804.7
851.6
914.1
898.4
820.3
804.7
843.8
914.1
765.6
742.2
773.4
843.8
898.4
890.6
835.9
796.9
875.0
921.9
851.6
804.7
765.6
828.1
890.6
796.9
742.2
765.6
828.1
898.4
914.1
859.4
820.3
890.6
929.7
773.4
757.8
773.4
914.1
953.1
914.1
859.4
914.1
960.9
914.1
835.9
859.4
937.5
945.3
843.8
820.3
875.0
937.5
921.9
851.6
835.9
929.7
953.1
867.2
820.3
906.2
968.8
890.6
828.1
828.1
914.1
945.3
765.6
765.6
796.9
890.6
960.9
890.6
820.3
867.2
929.7
945.3
851.6
804.7
867.2
921.9
890.6
835.9
851.6
953.1
953.1
921.9
882.8
898.4
929.7
937.5
929.7
968.8
984.4
953.1
906.2
906.2
945.3
968.8
929.7
882.8
875.0
906.2
906.2
796.9
789.1
843.8
898.4
953.1
921.9
898.4
906.2
945.3
937.5
890.6
875.0
898.4
914.1
890.6
867.2
890.6
914.1
914.1
875.0
867.2
898.4
921.9
859.4
820.3
875.0
921.9
929.7
851.6
843.8
890.6
929.7
851.6
796.9
843.8
890.6
781.2
765.6
820.3
898.4
929.7
851.6
812.5
859.4
937.5
921.9
867.2
835.9
882.8
929.7
867.2
843.8
906.2
945.3
906.2
843.8
867.2
921.9
968.8
937.5
898.4
890.6
937.5
992.2
968.8
898.4
875.0
937.5
968.8
921.9
843.8
820.3
914.1
929.7
781.2
781.2
875.0
937.5
890.6
812.5
812.5
929.7
937.5
898.4
843.8
843.8
937.5
898.4
835.9
828.1
898.4
953.1
890.6
843.8
890.6
968.8
976.6
906.2
890.6
937.5
960.9
945.3
929.7
953.1
984.4
968.8
914.1
906.2
945.3
953.1
867.2
820.3
851.6
929.7
976.6
960.9
929.7
960.9
968.8
921.9
890.6
921.9
937.5
914.1
906.2
890.6
929.7
953.1
914.1
906.2
914.1
914.1
890.6
828.1
820.3
781.2
867.2
867.2
851.6
875.0
898.4
914.1
867.2
859.4
890.6
898.4
882.8
867.2
906.2
929.7
906.2
898.4
914.1
937.5
960.9
929.7
921.9
937.5
953.1
914.1
890.6
898.4
898.4
875.0
789.1
835.9
898.4
937.5
937.5
929.7
929.7
968.8
960.9
921.9
921.9
937.5
953.1
960.9
929.7
929.7
953.1
960.9
937.5
937.5
953.1
976.6
960.9
937.5
953.1
960.9
953.1
906.2
914.1
914.1
945.3
843.8
835.9
859.4
921.9
960.9
929.7
921.9
945.3
960.9
937.5
890.6
882.8
914.1
906.2
914.1
890.6
921.9
945.3
937.5
929.7
968.8
976.6
953.1
921.9
906.2
953.1
953.1
921.9
914.1
984.4
992.2
968.8
898.4
890.6
921.9
953.1
914.1
929.7
945.3
929.7
898.4
906.2
953.1
937.5
898.4
890.6
937.5
945.3
929.7
906.2
914.1
929.7
937.5
890.6
906.2
945.3
937.5
914.1
937.5
968.8
960.9
929.7
906.2
906.2
953.1
945.3
929.7
906.2
921.9
960.9
945.3
898.4
890.6
929.7
953.1
929.7
906.2
921.9
968.8
960.9
906.2
882.8
914.1
906.2
835.9
835.9
867.2
914.1
953.1
914.1
898.4
937.5
937.5
921.9
882.8
851.6
898.4
921.9
914.1
937.5
960.9
945.3
890.6
859.4
929.7
937.5
914.1
890.6
898.4
960.9
960.9
921.9
906.2
937.5
937.5
914.1
882.8
898.4
921.9
929.7
898.4
890.6
929.7
953.1
953.1
898.4
906.2
937.5
937.5
914.1
890.6
906.2
937.5
937.5
890.6
867.2
906.2
820.3
921.9
890.6
921.9
968.8
960.9
929.7
921.9
929.7
929.7
906.2
875.0
875.0
929.7
945.3
914.1
906.2
945.3
953.1
921.9
882.8
898.4
929.7
929.7
890.6
929.7
953.1
945.3
914.1
937.5
953.1
953.1
906.2
890.6
937.5
976.6
929.7
937.5
953.1
937.5
914.1
890.6
937.5
960.9
953.1
921.9
929.7
914.1
945.3
968.8
929.7
906.2
921.9
929.7
812.5
843.8
898.4
953.1
945.3
929.7
953.1
953.1
953.1
898.4
882.8
914.1
929.7
875.0
851.6
882.8
929.7
929.7
898.4
882.8
914.1
937.5
929.7
906.2
945.3
976.6
953.1
914.1
921.9
929.7
929.7
859.4
757.8
812.5
914.1
914.1
890.6
859.4
867.2
921.9
945.3
929.7
882.8
914.1
953.1
929.7
914.1
929.7
945.3
921.9
906.2
882.8
890.6
921.9
890.6
804.7
843.8
890.6
929.7
914.1
898.4
914.1
953.1
953.1
906.2
914.1
953.1
953.1
914.1
914.1
937.5
929.7
898.4
867.2
906.2
921.9
929.7
929.7
890.6
914.1
937.5
937.5
890.6
898.4
937.5
945.3
945.3
945.3
984.4
968.8
921.9
929.7
937.5
929.7
875.0
882.8
929.7
921.9
820.3
828.1
828.1
898.4
914.1
882.8
906.2
914.1
898.4
937.5
929.7
914.1
945.3
937.5
906.2
890.6
906.2
921.9
921.9
875.0
859.4
890.6
921.9
945.3
898.4
867.2
882.8
890.6
898.4
