812.5
796.9
812.5
898.4
945.3
929.7
789.1
890.6
882.8
820.3
820.3
789.1
804.7
875.0
960.9
921.9
851.6
898.4
968.8
968.8
882.8
820.3
773.4
734.4
750.0
843.8
960.9
835.9
796.9
828.1
812.5
750.0
742.2
773.4
835.9
968.8
882.8
820.3
796.9
843.8
914.1
882.8
812.5
828.1
875.0
914.1
875.0
820.3
835.9
890.6
906.2
851.6
820.3
859.4
906.2
890.6
843.8
828.1
882.8
937.5
890.6
843.8
859.4
929.7
984.4
859.4
820.3
843.8
921.9
882.8
875.0
890.6
921.9
921.9
867.2
867.2
906.2
945.3
898.4
828.1
859.4
921.9
984.4
898.4
867.2
867.2
937.5
921.9
859.4
843.8
937.5
906.2
812.5
859.4
968.8
953.1
835.9
851.6
843.8
882.8
945.3
898.4
875.0
859.4
914.1
953.1
867.2
835.9
843.8
945.3
945.3
812.5
828.1
851.6
929.7
906.2
828.1
812.5
898.4
914.1
890.6
812.5
828.1
906.2
914.1
804.7
835.9
851.6
890.6
867.2
843.8
851.6
914.1
890.6
796.9
835.9
835.9
851.6
882.8
859.4
835.9
843.8
914.1
867.2
804.7
812.5
835.9
898.4
859.4
796.9
835.9
843.8
843.8
820.3
812.5
890.6
859.4
789.1
796.9
796.9
796.9
726.6
718.8
750.0
765.6
828.1
890.6
890.6
820.3
773.4
773.4
828.1
976.6
882.8
812.5
835.9
851.6
843.8
820.3
812.5
835.9
945.3
796.9
812.5
812.5
882.8
875.0
796.9
820.3
828.1
859.4
914.1
867.2
820.3
851.6
929.7
875.0
781.2
820.3
882.8
882.8
890.6
789.1
828.1
843.8
929.7
875.0
851.6
828.1
851.6
835.9
835.9
804.7
773.4
781.2
835.9
867.2
812.5
820.3
851.6
921.9
835.9
812.5
812.5
875.0
820.3
765.6
773.4
765.6
843.8
843.8
757.8
742.2
742.2
781.2
890.6
890.6
859.4
789.1
820.3
859.4
914.1
835.9
781.2
781.2
828.1
882.8
843.8
789.1
804.7
835.9
898.4
812.5
796.9
843.8
945.3
882.8
796.9
812.5
867.2
875.0
882.8
789.1
789.1
875.0
921.9
906.2
789.1
789.1
867.2
859.4
859.4
765.6
796.9
875.0
867.2
843.8
781.2
890.6
882.8
875.0
789.1
898.4
890.6
898.4
812.5
812.5
898.4
867.2
882.8
796.9
828.1
835.9
937.5
914.1
875.0
789.1
906.2
890.6
890.6
804.7
843.8
882.8
937.5
929.7
859.4
812.5
835.9
921.9
789.1
804.7
875.0
882.8
906.2
804.7
828.1
921.9
914.1
804.7
828.1
812.5
851.6
914.1
859.4
843.8
843.8
929.7
875.0
820.3
812.5
835.9
890.6
867.2
843.8
843.8
898.4
906.2
890.6
804.7
812.5
867.2
867.2
882.8
789.1
812.5
890.6
929.7
812.5
859.4
882.8
984.4
937.5
882.8
804.7
937.5
914.1
914.1
804.7
820.3
851.6
945.3
921.9
804.7
835.9
851.6
968.8
945.3
812.5
820.3
906.2
898.4
867.2
843.8
890.6
929.7
914.1
820.3
828.1
882.8
906.2
921.9
828.1
812.5
898.4
898.4
859.4
781.2
757.8
781.2
843.8
921.9
843.8
804.7
843.8
890.6
835.9
835.9
835.9
898.4
859.4
843.8
812.5
828.1
875.0
898.4
796.9
796.9
851.6
859.4
812.5
765.6
757.8
765.6
843.8
835.9
812.5
781.2
820.3
851.6
867.2
828.1
781.2
812.5
828.1
812.5
804.7
773.4
796.9
843.8
843.8
796.9
773.4
796.9
843.8
843.8
789.1
773.4
789.1
828.1
851.6
812.5
796.9
843.8
867.2
843.8
789.1
781.2
812.5
867.2
828.1
773.4
781.2
843.8
875.0
812.5
781.2
804.7
859.4
859.4
820.3
812.5
875.0
882.8
890.6
804.7
820.3
890.6
882.8
859.4
781.2
789.1
843.8
835.9
859.4
820.3
804.7
835.9
875.0
859.4
781.2
859.4
835.9
890.6
851.6
789.1
851.6
875.0
898.4
867.2
812.5
890.6
914.1
898.4
804.7
851.6
859.4
890.6
898.4
843.8
781.2
859.4
882.8
898.4
843.8
820.3
796.9
851.6
929.7
851.6
789.1
867.2
890.6
875.0
828.1
820.3
835.9
875.0
828.1
843.8
890.6
906.2
835.9
820.3
820.3
828.1
898.4
835.9
828.1
820.3
875.0
929.7
796.9
828.1
882.8
882.8
882.8
812.5
812.5
835.9
906.2
851.6
781.2
859.4
843.8
851.6
867.2
835.9
851.6
890.6
906.2
812.5
859.4
875.0
906.2
906.2
859.4
843.8
859.4
929.7
890.6
843.8
781.2
796.9
875.0
898.4
914.1
812.5
859.4
898.4
906.2
875.0
867.2
898.4
921.9
867.2
859.4
890.6
914.1
914.1
851.6
835.9
937.5
906.2
812.5
859.4
875.0
929.7
960.9
867.2
843.8
882.8
867.2
890.6
796.9
835.9
835.9
882.8
937.5
867.2
859.4
945.3
906.2
820.3
835.9
851.6
945.3
890.6
804.7
890.6
890.6
929.7
867.2
812.5
914.1
898.4
898.4
796.9
898.4
914.1
937.5
812.5
843.8
859.4
976.6
929.7
835.9
859.4
882.8
945.3
953.1
859.4
835.9
843.8
914.1
890.6
804.7
843.8
867.2
945.3
945.3
890.6
875.0
890.6
906.2
890.6
851.6
828.1
929.7
906.2
851.6
789.1
898.4
914.1
914.1
812.5
851.6
921.9
937.5
867.2
828.1
796.9
875.0
875.0
859.4
789.1
906.2
898.4
898.4
804.7
843.8
937.5
890.6
781.2
804.7
804.7
867.2
859.4
851.6
804.7
804.7
835.9
859.4
859.4
812.5
804.7
835.9
890.6
828.1
765.6
843.8
828.1
851.6
812.5
804.7
835.9
867.2
875.0
796.9
867.2
