1054.7
1039.1
1054.7
1062.5
1062.5
1101.6
1070.3
1062.5
1070.3
1054.7
1093.8
1101.6
1062.5
1054.7
1109.4
1125.0
1085.9
1093.8
1117.2
1070.3
1031.2
1093.8
1093.8
1078.1
1046.9
1093.8
1078.1
1023.4
1070.3
1062.5
1054.7
1023.4
1031.2
1031.2
1031.2
1000.0
1046.9
1054.7
1023.4
992.2
1007.8
1007.8
1023.4
1000.0
1031.2
1062.5
1062.5
1015.6
1046.9
1007.8
960.9
937.5
1007.8
1031.2
1054.7
1023.4
1000.0
1062.5
1039.1
992.2
1000.0
1046.9
1101.6
1062.5
1078.1
1093.8
1070.3
1062.5
1070.3
1085.9
1070.3
1046.9
1062.5
1062.5
1062.5
1039.1
1070.3
1046.9
1039.1
1039.1
1054.7
992.2
984.4
984.4
1000.0
914.1
789.1
843.8
1070.3
1093.8
1093.8
1054.7
1054.7
1093.8
1078.1
1046.9
1062.5
1062.5
1054.7
1046.9
1078.1
1101.6
1085.9
1093.8
1117.2
1101.6
1062.5
1093.8
1101.6
1078.1
1078.1
1078.1
1117.2
1085.9
1054.7
1062.5
1085.9
1085.9
1070.3
1125.0
1117.2
1101.6
1109.4
1078.1
1062.5
1039.1
1132.8
1132.8
1101.6
1101.6
1132.8
1125.0
1093.8
1078.1
1101.6
1085.9
1070.3
1109.4
1109.4
1085.9
1062.5
1125.0
1109.4
1085.9
1109.4
1125.0
1125.0
1109.4
1125.0
1109.4
1101.6
1078.1
1101.6
1101.6
1093.8
1078.1
1093.8
1101.6
1078.1
1070.3
1078.1
1085.9
1085.9
1078.1
1101.6
1109.4
1054.7
1062.5
1101.6
1078.1
1062.5
1085.9
1093.8
1062.5
1046.9
1062.5
1085.9
1070.3
1078.1
1085.9
1085.9
1062.5
1054.7
1085.9
1070.3
1054.7
1062.5
1085.9
1070.3
1062.5
1070.3
1093.8
1078.1
1054.7
1078.1
1078.1
1062.5
1046.9
1054.7
1062.5
1015.6
1007.8
1062.5
1085.9
1039.1
1031.2
1062.5
1062.5
1039.1
1039.1
1085.9
1070.3
1031.2
1023.4
1070.3
1054.7
1007.8
1015.6
1046.9
1015.6
1007.8
1007.8
1039.1
1031.2
1000.0
1007.8
1054.7
1000.0
976.6
992.2
1046.9
1046.9
1000.0
1000.0
1031.2
1007.8
1000.0
1031.2
1085.9
1046.9
1023.4
1015.6
1070.3
1070.3
1023.4
1046.9
1078.1
1085.9
1039.1
1046.9
1085.9
1085.9
1039.1
1070.3
1070.3
1039.1
1023.4
1093.8
1101.6
1054.7
1039.1
1078.1
1062.5
1039.1
1062.5
1070.3
1070.3
1039.1
1078.1
1085.9
1070.3
1062.5
1078.1
1093.8
1078.1
1054.7
1078.1
1109.4
1070.3
1031.2
1062.5
1093.8
1062.5
1054.7
1046.9
1085.9
1062.5
1007.8
1039.1
1070.3
1039.1
1023.4
1070.3
1085.9
1054.7
1054.7
1054.7
1085.9
1062.5
1039.1
1062.5
1054.7
1015.6
1007.8
1054.7
1031.2
1000.0
1000.0
1054.7
1054.7
1007.8
984.4
1023.4
1031.2
945.3
968.8
1023.4
1031.2
1007.8
984.4
1015.6
1046.9
992.2
1007.8
1039.1
1054.7
1023.4
1031.2
1078.1
1062.5
1031.2
1015.6
1046.9
1007.8
1007.8
1000.0
1046.9
1046.9
1015.6
1046.9
1093.8
1109.4
1070.3
1046.9
1070.3
1054.7
1039.1
1054.7
1101.6
1070.3
1062.5
1054.7
1023.4
976.6
960.9
1007.8
1085.9
1015.6
984.4
1031.2
1046.9
1023.4
1000.0
1046.9
1031.2
1007.8
984.4
1039.1
1054.7
1015.6
984.4
1023.4
1023.4
984.4
968.8
984.4
976.6
929.7
890.6
960.9
945.3
820.3
796.9
835.9
1054.7
1132.8
1070.3
1054.7
1085.9
1070.3
1039.1
1023.4
1062.5
1062.5
1046.9
1031.2
1070.3
1062.5
1031.2
1023.4
1054.7
1062.5
1031.2
1023.4
1070.3
1078.1
1046.9
1046.9
1093.8
1062.5
1062.5
1046.9
1039.1
1031.2
1046.9
1093.8
1070.3
1046.9
1023.4
1062.5
1062.5
1031.2
1039.1
1062.5
1054.7
1054.7
1031.2
1062.5
1085.9
1054.7
1046.9
1093.8
1085.9
1054.7
1031.2
1070.3
1062.5
1031.2
1046.9
1039.1
1023.4
1015.6
1023.4
1062.5
1039.1
1031.2
1054.7
1070.3
1062.5
1015.6
1062.5
1085.9
1054.7
1046.9
1078.1
1070.3
1039.1
1023.4
1023.4
1031.2
1000.0
1007.8
1039.1
1062.5
1046.9
1007.8
1039.1
1046.9
1023.4
1015.6
1046.9
1054.7
1023.4
1000.0
1023.4
1031.2
1015.6
992.2
1039.1
1054.7
1007.8
1007.8
1046.9
1070.3
1023.4
1000.0
1039.1
1031.2
1007.8
1000.0
1031.2
1039.1
992.2
1007.8
1062.5
1054.7
1039.1
1007.8
1015.6
1062.5
1078.1
1039.1
1023.4
1078.1
1062.5
1039.1
1054.7
1062.5
1046.9
1007.8
1039.1
1031.2
1023.4
992.2
992.2
984.4
976.6
960.9
976.6
1023.4
1007.8
976.6
1015.6
1039.1
1031.2
968.8
1007.8
1015.6
992.2
976.6
1031.2
1023.4
1015.6
1000.0
1023.4
1070.3
1078.1
1039.1
1039.1
1054.7
1054.7
1039.1
1078.1
1101.6
1078.1
1046.9
1070.3
1085.9
1039.1
1031.2
1070.3
1070.3
1039.1
1054.7
1093.8
1085.9
1031.2
1023.4
1070.3
1093.8
1070.3
1046.9
1070.3
1101.6
1046.9
1039.1
1078.1
1093.8
1078.1
1093.8
