1375.0
1273.4
1250.0
1257.8
1140.6
992.2
929.7
914.1
960.9
1101.6
1179.7
1281.2
1289.1
1093.8
953.1
1023.4
1078.1
1031.2
1015.6
1015.6
1132.8
1390.6
1296.9
1320.3
1257.8
1203.1
1242.2
1257.8
1250.0
1210.9
1320.3
1289.1
1273.4
1437.5
1320.3
1234.4
1367.2
1304.7
1164.1
1398.4
1398.4
1335.9
1414.1
1375.0
1289.1
1500.0
1468.8
1257.8
1273.4
1476.6
1335.9
1367.2
1445.3
1312.5
1335.9
1320.3
1218.8
1304.7
1335.9
1265.6
1367.2
1390.6
1289.1
1320.3
1343.8
1234.4
1210.9
1351.6
1234.4
1125.0
1187.5
1273.4
1171.9
1187.5
1351.6
1203.1
1171.9
1335.9
1242.2
1226.6
1335.9
1273.4
1140.6
1273.4
1296.9
1265.6
1265.6
1359.4
1218.8
1281.2
1398.4
1273.4
1187.5
1289.1
1218.8
1273.4
1335.9
1289.1
1156.2
1242.2
1304.7
1171.9
1156.2
1351.6
1242.2
1195.3
1304.7
1289.1
1140.6
1187.5
1296.9
1171.9
1210.9
1265.6
1226.6
1171.9
1281.2
1250.0
1203.1
1273.4
1257.8
1195.3
1164.1
1257.8
1187.5
1148.4
1296.9
1257.8
1187.5
1132.8
1328.1
1273.4
1203.1
1234.4
1195.3
1125.0
1281.2
1218.8
1164.1
1257.8
1257.8
1242.2
1117.2
1109.4
1078.1
1015.6
960.9
960.9
1015.6
1015.6
1078.1
1125.0
1085.9
1015.6
1062.5
1164.1
1070.3
1000.0
1062.5
1054.7
1093.8
1023.4
1007.8
1046.9
968.8
953.1
960.9
1031.2
992.2
1023.4
1125.0
1164.1
1109.4
1101.6
1156.2
1117.2
1054.7
1031.2
1125.0
1109.4
1085.9
1039.1
1156.2
1101.6
1023.4
1046.9
1070.3
1000.0
1015.6
1101.6
1148.4
1101.6
1054.7
1125.0
1085.9
1054.7
1093.8
1093.8
1015.6
992.2
1046.9
1062.5
1031.2
976.6
976.6
1070.3
1023.4
953.1
984.4
1015.6
1000.0
953.1
945.3
1023.4
1046.9
1015.6
984.4
1023.4
1054.7
976.6
1007.8
1078.1
1062.5
984.4
953.1
1000.0
1078.1
1023.4
1000.0
1046.9
1054.7
1023.4
984.4
984.4
1054.7
1007.8
1007.8
1085.9
1062.5
984.4
953.1
1000.0
921.9
859.4
882.8
960.9
1132.8
1085.9
1070.3
1171.9
1171.9
1093.8
1054.7
1132.8
1179.7
1031.2
1007.8
1156.2
1148.4
1085.9
1148.4
1203.1
1117.2
1117.2
1171.9
1226.6
1203.1
1218.8
1242.2
1218.8
1179.7
1250.0
1265.6
1140.6
1117.2
1226.6
1179.7
1132.8
1187.5
1218.8
1093.8
1117.2
1218.8
1164.1
1179.7
1226.6
1203.1
1078.1
1085.9
1273.4
1125.0
1054.7
1226.6
1250.0
1125.0
1062.5
1179.7
1250.0
1195.3
1242.2
1140.6
1148.4
1195.3
1218.8
1164.1
1078.1
1179.7
1171.9
1093.8
1085.9
1187.5
1226.6
1125.0
1140.6
1179.7
1234.4
1226.6
1273.4
1281.2
1210.9
1273.4
1304.7
1148.4
1093.8
1117.2
1203.1
1171.9
1210.9
1250.0
1140.6
1125.0
1203.1
1164.1
1109.4
1242.2
1234.4
1125.0
1156.2
1289.1
1242.2
1179.7
1250.0
1265.6
1156.2
1148.4
1312.5
1187.5
1085.9
1359.4
1335.9
1140.6
1179.7
1281.2
1296.9
1289.1
1304.7
1203.1
1312.5
1406.2
1265.6
1265.6
1289.1
1203.1
1203.1
1359.4
1281.2
1218.8
1257.8
1203.1
1226.6
1359.4
1265.6
1156.2
1187.5
1320.3
1210.9
1156.2
1257.8
1218.8
1156.2
1242.2
1367.2
1367.2
1351.6
1343.8
1265.6
1242.2
1320.3
1250.0
1257.8
1343.8
1296.9
1257.8
1304.7
1328.1
1257.8
1281.2
1234.4
1156.2
1257.8
1343.8
1281.2
1250.0
1273.4
1257.8
1148.4
1265.6
1320.3
1242.2
1289.1
1343.8
1187.5
1210.9
1140.6
1109.4
1031.2
1015.6
1195.3
1171.9
1109.4
1195.3
1187.5
1164.1
1242.2
1242.2
1164.1
1171.9
1218.8
1164.1
1054.7
1171.9
1195.3
1156.2
1281.2
1335.9
1242.2
1171.9
1210.9
1179.7
1187.5
1367.2
1437.5
1304.7
1296.9
1210.9
1203.1
1210.9
1289.1
1382.8
1257.8
1367.2
1351.6
1226.6
1257.8
1359.4
1250.0
1210.9
1273.4
1343.8
1296.9
1312.5
1179.7
1093.8
1265.6
1257.8
1218.8
1226.6
1171.9
1187.5
1203.1
1375.0
1257.8
1304.7
1328.1
1257.8
1218.8
1289.1
1296.9
1117.2
1070.3
1085.9
1234.4
1187.5
1281.2
1250.0
1148.4
1117.2
1109.4
1156.2
1109.4
1117.2
1148.4
1125.0
1117.2
1132.8
1132.8
1078.1
1062.5
1000.0
1054.7
1078.1
1070.3
1015.6
929.7
