1007.8
1093.8
992.2
882.8
859.4
1007.8
1085.9
984.4
843.8
914.1
984.4
890.6
960.9
671.9
796.9
828.1
882.8
812.5
828.1
882.8
882.8
875.0
960.9
1093.8
1125.0
1070.3
1093.8
1218.8
1117.2
1148.4
1226.6
1265.6
1195.3
1210.9
1234.4
1156.2
1132.8
1289.1
1273.4
1156.2
1218.8
1218.8
1148.4
1132.8
1250.0
1179.7
1085.9
1210.9
1203.1
1125.0
1101.6
1242.2
1218.8
1109.4
1179.7
1093.8
882.8
835.9
882.8
1304.7
1156.2
1023.4
1062.5
1210.9
1179.7
1078.1
1109.4
1148.4
1078.1
984.4
1164.1
1257.8
1117.2
1117.2
1210.9
1164.1
1078.1
1085.9
1140.6
1062.5
992.2
1007.8
960.9
859.4
992.2
1195.3
1179.7
1085.9
992.2
1078.1
1101.6
1062.5
1015.6
1085.9
1109.4
1046.9
976.6
1117.2
1234.4
1109.4
1070.3
1179.7
1164.1
1070.3
1109.4
1179.7
1132.8
1078.1
1164.1
1203.1
1140.6
1187.5
1195.3
1054.7
1023.4
1257.8
1257.8
1125.0
1101.6
1179.7
1125.0
1039.1
1070.3
1179.7
1140.6
1000.0
968.8
1203.1
1140.6
1031.2
1031.2
1078.1
898.4
937.5
1164.1
1234.4
1179.7
1062.5
1156.2
1171.9
1109.4
1015.6
1140.6
1148.4
1078.1
1054.7
1281.2
1250.0
1148.4
1125.0
1218.8
1156.2
1039.1
1226.6
1226.6
1140.6
1093.8
1242.2
1210.9
1085.9
1210.9
1187.5
1039.1
1039.1
1203.1
1156.2
1007.8
1164.1
1179.7
1093.8
1085.9
1203.1
1132.8
1000.0
1132.8
1179.7
1164.1
1054.7
1156.2
1156.2
1054.7
1023.4
1210.9
1148.4
1015.6
1000.0
1132.8
1164.1
1070.3
1031.2
1171.9
1179.7
1031.2
1140.6
1210.9
1156.2
1070.3
1187.5
1164.1
1070.3
1000.0
1171.9
1195.3
1070.3
1054.7
1203.1
1203.1
1070.3
1101.6
1203.1
1164.1
1039.1
1156.2
1187.5
1085.9
1062.5
1195.3
1171.9
1046.9
1117.2
1250.0
1218.8
1070.3
1148.4
1226.6
1250.0
1210.9
1250.0
1132.8
1195.3
1210.9
1140.6
1085.9
1187.5
1195.3
1164.1
1140.6
1210.9
1171.9
1093.8
1101.6
1234.4
1171.9
1101.6
1187.5
1210.9
1101.6
1109.4
1242.2
1203.1
1078.1
1117.2
1257.8
1148.4
1093.8
1187.5
1234.4
1117.2
1125.0
1203.1
1117.2
1093.8
1242.2
1210.9
1078.1
1117.2
1257.8
1234.4
1093.8
1070.3
1265.6
1187.5
1125.0
1210.9
1179.7
1070.3
1093.8
1226.6
1156.2
1101.6
1226.6
1242.2
1093.8
1070.3
1218.8
1226.6
1093.8
1171.9
1234.4
1117.2
1070.3
1218.8
1218.8
1046.9
1101.6
1242.2
1101.6
1000.0
1273.4
1218.8
1179.7
1210.9
1195.3
1210.9
1148.4
1156.2
1257.8
1195.3
1101.6
1195.3
1203.1
1070.3
1117.2
1085.9
1023.4
1031.2
1093.8
914.1
921.9
914.1
953.1
1156.2
1179.7
1078.1
1054.7
1117.2
1101.6
1054.7
1093.8
1234.4
1218.8
1171.9
1203.1
1218.8
1187.5
1179.7
1289.1
1242.2
1164.1
1242.2
1226.6
1203.1
1195.3
1273.4
1164.1
1093.8
1320.3
1289.1
1187.5
1242.2
1234.4
1156.2
1164.1
1242.2
1195.3
1125.0
1203.1
1195.3
1132.8
1078.1
1187.5
1179.7
1093.8
1171.9
1250.0
1171.9
1140.6
1257.8
1265.6
1195.3
1242.2
1210.9
1156.2
1078.1
1335.9
1296.9
1125.0
1164.1
1195.3
1078.1
984.4
1046.9
1062.5
984.4
937.5
1062.5
1140.6
1000.0
945.3
1093.8
1148.4
1015.6
945.3
1078.1
1117.2
1007.8
968.8
1132.8
1140.6
1046.9
968.8
1101.6
1140.6
1000.0
1015.6
1054.7
1132.8
1023.4
1007.8
1171.9
1109.4
976.6
1070.3
1257.8
1171.9
1046.9
1125.0
1203.1
1062.5
1109.4
1218.8
1140.6
1101.6
1273.4
1250.0
1148.4
1085.9
1203.1
1257.8
1179.7
1148.4
1289.1
1234.4
1140.6
1187.5
1226.6
1156.2
1093.8
1359.4
1296.9
1226.6
1250.0
1226.6
1101.6
1148.4
1187.5
1023.4
960.9
1109.4
1156.2
898.4
875.0
992.2
1304.7
1179.7
992.2
1085.9
1156.2
1085.9
1023.4
1164.1
1148.4
992.2
1015.6
1257.8
1171.9
1062.5
1218.8
1304.7
1125.0
1156.2
1289.1
1265.6
1164.1
1281.2
1273.4
1234.4
1132.8
1304.7
1265.6
1234.4
1226.6
1304.7
1234.4
1171.9
1320.3
1203.1
1093.8
1257.8
1218.8
1078.1
1226.6
1257.8
1101.6
1085.9
1320.3
1250.0
1101.6
1210.9
1257.8
1132.8
1187.5
1281.2
1171.9
1101.6
1343.8
1304.7
1117.2
1195.3
1218.8
1218.8
1093.8
1304.7
1328.1
1203.1
1187.5
1289.1
1187.5
1093.8
1210.9
1218.8
1109.4
1109.4
1187.5
1195.3
1101.6
