921.9
945.3
953.1
976.6
953.1
992.2
976.6
929.7
968.8
953.1
960.9
984.4
945.3
960.9
945.3
882.8
898.4
867.2
898.4
898.4
914.1
945.3
960.9
945.3
945.3
1007.8
992.2
960.9
960.9
976.6
945.3
914.1
976.6
906.2
968.8
984.4
1000.0
937.5
984.4
1000.0
976.6
1031.2
1046.9
1023.4
1039.1
1046.9
1054.7
1062.5
1015.6
1015.6
1023.4
1007.8
1015.6
1007.8
1015.6
1039.1
984.4
1015.6
1031.2
1039.1
968.8
992.2
1023.4
1000.0
937.5
960.9
1015.6
1007.8
976.6
968.8
1000.0
1000.0
953.1
976.6
992.2
921.9
875.0
867.2
937.5
976.6
984.4
976.6
960.9
945.3
960.9
984.4
968.8
921.9
945.3
953.1
960.9
937.5
937.5
968.8
992.2
960.9
929.7
968.8
968.8
945.3
937.5
992.2
992.2
960.9
914.1
937.5
968.8
968.8
898.4
953.1
976.6
953.1
960.9
960.9
976.6
937.5
968.8
960.9
937.5
859.4
898.4
875.0
890.6
906.2
914.1
875.0
914.1
945.3
867.2
843.8
921.9
976.6
984.4
968.8
906.2
945.3
968.8
960.9
929.7
921.9
992.2
992.2
945.3
953.1
976.6
976.6
968.8
960.9
976.6
984.4
992.2
945.3
976.6
929.7
984.4
914.1
929.7
992.2
914.1
953.1
968.8
906.2
968.8
992.2
945.3
976.6
984.4
976.6
960.9
960.9
1000.0
1015.6
1054.7
968.8
1007.8
1031.2
1023.4
984.4
984.4
976.6
984.4
914.1
984.4
968.8
945.3
929.7
984.4
984.4
945.3
906.2
953.1
976.6
1000.0
945.3
984.4
1000.0
921.9
968.8
984.4
968.8
984.4
984.4
937.5
976.6
1000.0
1000.0
929.7
984.4
976.6
960.9
937.5
1000.0
1007.8
1000.0
945.3
1007.8
1023.4
1000.0
953.1
1023.4
1015.6
1039.1
968.8
1007.8
1046.9
1054.7
1070.3
1054.7
968.8
1039.1
1039.1
1015.6
960.9
992.2
984.4
976.6
953.1
1007.8
1007.8
921.9
937.5
960.9
945.3
921.9
929.7
960.9
984.4
953.1
890.6
945.3
960.9
976.6
921.9
953.1
968.8
984.4
921.9
953.1
992.2
992.2
968.8
945.3
992.2
1015.6
1007.8
937.5
992.2
1000.0
1000.0
921.9
1007.8
1023.4
1046.9
1039.1
960.9
1031.2
1023.4
992.2
906.2
976.6
984.4
1000.0
906.2
968.8
992.2
976.6
937.5
984.4
984.4
984.4
914.1
992.2
984.4
984.4
914.1
968.8
976.6
960.9
921.9
945.3
960.9
960.9
953.1
937.5
968.8
984.4
960.9
976.6
1015.6
1015.6
992.2
968.8
1000.0
992.2
976.6
898.4
914.1
929.7
968.8
992.2
1000.0
937.5
960.9
992.2
1000.0
976.6
976.6
992.2
1015.6
914.1
960.9
1000.0
1023.4
929.7
1007.8
1015.6
1015.6
984.4
976.6
1023.4
1046.9
968.8
1015.6
1039.1
1031.2
984.4
984.4
1023.4
1023.4
937.5
1039.1
1039.1
1023.4
937.5
1015.6
1023.4
1015.6
960.9
1000.0
1007.8
984.4
929.7
984.4
1000.0
1007.8
1007.8
953.1
976.6
1000.0
1000.0
953.1
984.4
968.8
984.4
953.1
937.5
960.9
992.2
984.4
976.6
992.2
984.4
929.7
976.6
1007.8
1000.0
976.6
953.1
968.8
992.2
945.3
953.1
937.5
960.9
968.8
945.3
953.1
953.1
968.8
953.1
953.1
914.1
945.3
906.2
914.1
867.2
945.3
929.7
914.1
843.8
812.5
945.3
937.5
945.3
960.9
890.6
960.9
976.6
984.4
914.1
929.7
968.8
992.2
906.2
968.8
992.2
992.2
890.6
882.8
960.9
968.8
984.4
968.8
1000.0
1015.6
1015.6
976.6
1054.7
1054.7
1062.5
976.6
1062.5
1070.3
1062.5
984.4
1070.3
1070.3
1054.7
992.2
1039.1
1039.1
1031.2
1015.6
1015.6
1039.1
1015.6
1015.6
1046.9
1046.9
976.6
1015.6
984.4
1015.6
929.7
1007.8
1015.6
1007.8
953.1
1007.8
1023.4
1023.4
992.2
1000.0
992.2
992.2
984.4
968.8
984.4
1000.0
1000.0
929.7
976.6
1007.8
960.9
992.2
992.2
976.6
1000.0
914.1
929.7
953.1
882.8
875.0
859.4
921.9
945.3
976.6
945.3
968.8
976.6
960.9
984.4
921.9
953.1
992.2
1023.4
937.5
1000.0
1023.4
984.4
1000.0
1015.6
1031.2
937.5
1000.0
1023.4
1031.2
921.9
1015.6
1031.2
1046.9
1015.6
1015.6
1023.4
1015.6
1007.8
960.9
992.2
968.8
984.4
960.9
945.3
937.5
976.6
960.9
953.1
914.1
976.6
1000.0
984.4
937.5
984.4
992.2
960.9
968.8
976.6
976.6
906.2
945.3
953.1
960.9
953.1
921.9
953.1
960.9
945.3
921.9
968.8
953.1
937.5
898.4
914.1
875.0
976.6
976.6
914.1
984.4
992.2
1000.0
937.5
1023.4
984.4
898.4
890.6
976.6
921.9
992.2
1031.2
968.8
992.2
1000.0
1023.4
1015.6
1015.6
1039.1
1039.1
921.9
945.3
984.4
960.9
937.5
882.8
976.6
984.4
953.1
945.3
992.2
1007.8
1007.8
976.6
1031.2
1023.4
1023.4
992.2
968.8
1007.8
1000.0
1000.0
953.1
1015.6
1007.8
953.1
929.7
960.9
