1390.6
1328.1
1359.4
1031.2
1234.4
1382.8
1335.9
1343.8
1406.2
1351.6
1390.6
1203.1
1320.3
1265.6
1250.0
1367.2
1203.1
1296.9
1359.4
1203.1
1312.5
1351.6
1218.8
1250.0
1375.0
1250.0
1343.8
1226.6
1265.6
1296.9
1281.2
1328.1
1132.8
1203.1
1320.3
1195.3
1179.7
1320.3
1242.2
1156.2
1320.3
1296.9
1140.6
1335.9
1382.8
1226.6
1343.8
1375.0
1203.1
1265.6
1406.2
1257.8
1257.8
1367.2
1312.5
1304.7
1382.8
1390.6
1203.1
1359.4
1359.4
1218.8
1328.1
1398.4
1218.8
1359.4
1406.2
1234.4
1343.8
1390.6
1187.5
1257.8
1406.2
1257.8
1257.8
1414.1
1343.8
1289.1
1414.1
1335.9
1234.4
1382.8
1343.8
1218.8
1398.4
1359.4
1234.4
1351.6
1398.4
1257.8
1343.8
1414.1
1226.6
1304.7
1390.6
1234.4
1281.2
1437.5
1257.8
1296.9
1406.2
1257.8
1257.8
1421.9
1257.8
1351.6
1375.0
1210.9
1320.3
1398.4
1250.0
1289.1
1375.0
1351.6
1179.7
1312.5
1390.6
1226.6
1250.0
1375.0
1250.0
1210.9
1351.6
1265.6
1125.0
1304.7
1382.8
1234.4
1343.8
1312.5
1210.9
1359.4
1421.9
1234.4
1148.4
1312.5
1304.7
1171.9
1273.4
1359.4
1179.7
1250.0
1367.2
1210.9
1289.1
1398.4
1234.4
1289.1
1351.6
1210.9
1203.1
1359.4
1281.2
1203.1
1328.1
1273.4
1195.3
1312.5
1343.8
1218.8
1125.0
1328.1
1281.2
1234.4
1359.4
1289.1
1242.2
1328.1
1304.7
1203.1
1351.6
1312.5
1203.1
1281.2
1375.0
1195.3
1257.8
1343.8
1218.8
1257.8
1328.1
1187.5
1187.5
1343.8
1265.6
1312.5
1187.5
1281.2
1328.1
1164.1
1351.6
1335.9
1156.2
1328.1
1390.6
1156.2
1320.3
1382.8
1203.1
1328.1
1382.8
1242.2
1203.1
1375.0
1226.6
1273.4
1234.4
1312.5
1250.0
1359.4
1343.8
1242.2
1351.6
1265.6
1234.4
1359.4
1187.5
1250.0
1335.9
1335.9
1164.1
1265.6
1359.4
1250.0
1171.9
1320.3
1257.8
1250.0
1312.5
1070.3
1304.7
1085.9
1273.4
1351.6
1125.0
1265.6
1359.4
1109.4
1218.8
1398.4
1195.3
1171.9
1335.9
1234.4
1171.9
1375.0
1242.2
1148.4
1359.4
1289.1
1117.2
1343.8
1382.8
1187.5
1273.4
1382.8
1234.4
1148.4
1335.9
1140.6
1234.4
1320.3
1210.9
1210.9
1171.9
1351.6
1312.5
1203.1
1289.1
1335.9
1132.8
1210.9
1250.0
1187.5
1226.6
1312.5
1250.0
1273.4
1304.7
1265.6
1242.2
1296.9
1281.2
1226.6
1289.1
1242.2
1179.7
1242.2
1335.9
1187.5
1195.3
1304.7
1156.2
1140.6
1289.1
1273.4
1148.4
1117.2
1289.1
1312.5
1171.9
1273.4
1328.1
1195.3
1234.4
1320.3
1132.8
1289.1
1312.5
1257.8
1304.7
1156.2
1312.5
1210.9
1320.3
1335.9
1210.9
1304.7
1359.4
1242.2
1281.2
1382.8
1265.6
1281.2
1375.0
1273.4
1320.3
1343.8
1218.8
1273.4
1320.3
1195.3
1125.0
1320.3
1351.6
1148.4
1257.8
1335.9
1148.4
1289.1
1343.8
1093.8
1203.1
1375.0
1273.4
1140.6
1296.9
1312.5
1164.1
1296.9
1351.6
1210.9
1281.2
1335.9
1148.4
1203.1
1351.6
1335.9
1164.1
1296.9
1359.4
1242.2
1242.2
1343.8
1273.4
1296.9
1335.9
1171.9
1273.4
1328.1
1250.0
1296.9
1304.7
1132.8
1117.2
1343.8
1281.2
1242.2
1335.9
1187.5
1085.9
984.4
968.8
976.6
1335.9
1140.6
1187.5
1296.9
1210.9
1250.0
1304.7
1250.0
1312.5
1328.1
1242.2
1273.4
1320.3
1273.4
1234.4
1304.7
1335.9
1257.8
1226.6
1257.8
1265.6
1187.5
1289.1
1343.8
1210.9
1289.1
1320.3
1289.1
1304.7
1296.9
1335.9
1328.1
1320.3
1187.5
1304.7
1343.8
1257.8
1289.1
1304.7
1226.6
1296.9
1351.6
1312.5
1250.0
1367.2
1257.8
1257.8
1289.1
1335.9
1218.8
1187.5
1289.1
1289.1
1203.1
1304.7
1242.2
1195.3
1304.7
1351.6
1234.4
1296.9
1320.3
1289.1
1328.1
1289.1
1242.2
1312.5
1312.5
1273.4
1312.5
1289.1
1156.2
1101.6
1117.2
1304.7
1234.4
1210.9
1273.4
1242.2
1156.2
1210.9
1218.8
1164.1
1289.1
