765.6
781.2
796.9
843.8
867.2
851.6
820.3
812.5
812.5
796.9
796.9
804.7
835.9
835.9
828.1
843.8
859.4
820.3
804.7
835.9
843.8
828.1
804.7
804.7
804.7
820.3
828.1
804.7
804.7
820.3
820.3
812.5
796.9
796.9
804.7
820.3
812.5
804.7
804.7
820.3
835.9
820.3
804.7
804.7
812.5
835.9
812.5
804.7
804.7
828.1
835.9
820.3
820.3
812.5
843.8
851.6
828.1
804.7
804.7
812.5
828.1
812.5
796.9
804.7
812.5
820.3
835.9
820.3
820.3
835.9
851.6
835.9
820.3
820.3
843.8
828.1
812.5
812.5
820.3
851.6
851.6
828.1
820.3
820.3
843.8
859.4
835.9
820.3
843.8
867.2
851.6
820.3
796.9
804.7
812.5
804.7
796.9
812.5
828.1
851.6
828.1
812.5
796.9
804.7
812.5
796.9
796.9
789.1
804.7
820.3
820.3
796.9
796.9
812.5
812.5
804.7
789.1
773.4
781.2
796.9
796.9
796.9
789.1
789.1
804.7
812.5
820.3
812.5
804.7
812.5
828.1
851.6
828.1
828.1
835.9
851.6
835.9
820.3
820.3
820.3
828.1
804.7
789.1
820.3
843.8
875.0
875.0
835.9
835.9
859.4
875.0
859.4
820.3
789.1
796.9
796.9
781.2
789.1
820.3
835.9
828.1
804.7
804.7
812.5
828.1
812.5
796.9
789.1
812.5
828.1
828.1
789.1
789.1
796.9
820.3
828.1
812.5
781.2
796.9
820.3
828.1
812.5
781.2
765.6
765.6
781.2
796.9
773.4
765.6
773.4
796.9
804.7
781.2
781.2
789.1
804.7
812.5
796.9
781.2
773.4
789.1
804.7
773.4
773.4
796.9
820.3
820.3
789.1
757.8
781.2
804.7
812.5
789.1
765.6
765.6
773.4
796.9
804.7
773.4
750.0
765.6
773.4
789.1
781.2
757.8
773.4
820.3
820.3
812.5
765.6
781.2
796.9
796.9
781.2
765.6
742.2
765.6
765.6
773.4
750.0
734.4
726.6
750.0
757.8
765.6
742.2
750.0
757.8
781.2
789.1
757.8
742.2
726.6
750.0
750.0
750.0
726.6
726.6
742.2
765.6
773.4
765.6
734.4
742.2
765.6
765.6
765.6
757.8
750.0
781.2
796.9
804.7
765.6
773.4
796.9
820.3
804.7
804.7
773.4
757.8
789.1
796.9
781.2
781.2
820.3
820.3
796.9
781.2
765.6
726.6
703.1
679.7
656.2
656.2
664.1
679.7
703.1
734.4
734.4
734.4
757.8
757.8
765.6
742.2
734.4
734.4
750.0
757.8
773.4
750.0
750.0
757.8
781.2
796.9
796.9
773.4
773.4
781.2
781.2
781.2
757.8
750.0
757.8
773.4
773.4
750.0
757.8
773.4
781.2
773.4
765.6
757.8
773.4
781.2
789.1
773.4
781.2
804.7
796.9
781.2
757.8
750.0
726.6
710.9
710.9
710.9
726.6
742.2
734.4
757.8
765.6
765.6
742.2
734.4
742.2
742.2
734.4
710.9
703.1
703.1
695.3
703.1
695.3
695.3
695.3
687.5
703.1
703.1
710.9
703.1
687.5
695.3
710.9
710.9
718.8
710.9
703.1
718.8
734.4
734.4
726.6
710.9
703.1
710.9
710.9
726.6
726.6
726.6
726.6
742.2
757.8
757.8
742.2
742.2
734.4
750.0
742.2
734.4
726.6
710.9
710.9
726.6
718.8
718.8
718.8
703.1
710.9
726.6
734.4
718.8
726.6
718.8
742.2
742.2
742.2
726.6
718.8
742.2
757.8
750.0
726.6
726.6
710.9
734.4
726.6
726.6
718.8
710.9
718.8
726.6
726.6
734.4
710.9
718.8
726.6
726.6
726.6
726.6
718.8
734.4
750.0
742.2
726.6
726.6
726.6
742.2
734.4
734.4
718.8
718.8
742.2
734.4
742.2
718.8
726.6
734.4
742.2
750.0
750.0
742.2
734.4
734.4
750.0
750.0
750.0
726.6
742.2
742.2
750.0
742.2
742.2
710.9
710.9
718.8
734.4
734.4
742.2
726.6
734.4
757.8
757.8
750.0
726.6
734.4
734.4
726.6
710.9
687.5
671.9
671.9
671.9
687.5
703.1
726.6
718.8
734.4
750.0
750.0
757.8
734.4
726.6
734.4
734.4
734.4
750.0
742.2
750.0
773.4
773.4
757.8
750.0
742.2
750.0
773.4
765.6
773.4
757.8
773.4
773.4
773.4
773.4
750.0
757.8
765.6
773.4
773.4
765.6
796.9
804.7
789.1
789.1
773.4
757.8
773.4
781.2
789.1
781.2
765.6
765.6
789.1
781.2
789.1
773.4
765.6
765.6
773.4
781.2
781.2
781.2
773.4
757.8
773.4
781.2
773.4
781.2
765.6
757.8
765.6
789.1
812.5
820.3
789.1
789.1
820.3
796.9
804.7
804.7
789.1
765.6
757.8
781.2
796.9
812.5
812.5
789.1
781.2
781.2
796.9
796.9
781.2
773.4
796.9
789.1
781.2
765.6
742.2
750.0
750.0
765.6
765.6
750.0
757.8
781.2
789.1
789.1
765.6
773.4
781.2
773.4
765.6
773.4
773.4
804.7
804.7
812.5
781.2
781.2
796.9
796.9
812.5
789.1
781.2
789.1
789.1
796.9
796.9
781.2
765.6
789.1
804.7
820.3
796.9
781.2
796.9
812.5
828.1
820.3
796.9
781.2
812.5
820.3
828.1
796.9
804.7
828.1
835.9
835.9
796.9
789.1
804.7
796.9
804.7
773.4
781.2
796.9
820.3
820.3
796.9
796.9
812.5
820.3
812.5
789.1
789.1
804.7
804.7
820.3
796.9
789.1
796.9
789.1
781.2
781.2
781.2
796.9
820.3
804.7
804.7
789.1
804.7
812.5
820.3
796.9
781.2
789.1
773.4
765.6
742.2
734.4
750.0
765.6
796.9
789.1
789.1
757.8
734.4
695.3
695.3
679.7
687.5
703.1
718.8
734.4
710.9
726.6
734.4
742.2
750.0
750.0
757.8
765.6
796.9
804.7
812.5
804.7
789.1
804.7
804.7
796.9
789.1
773.4
789.1
796.9
812.5
796.9
789.1
781.2
789.1
796.9
796.9
804.7
773.4
773.4
804.7
804.7
820.3
796.9
796.9
812.5
820.3
812.5
789.1
796.9
812.5
796.9
804.7
789.1
757.8
757.8
773.4
789.1
781.2
773.4
789.1
796.9
812.5
812.5
796.9
765.6
773.4
796.9
812.5
789.1
789.1
812.5
820.3
828.1
789.1
789.1
789.1
796.9
789.1
773.4
781.2
789.1
804.7
796.9
789.1
789.1
