1015.6
984.4
976.6
1023.4
960.9
976.6
945.3
976.6
937.5
906.2
945.3
1031.2
1023.4
937.5
906.2
953.1
843.8
953.1
1046.9
976.6
984.4
1046.9
1023.4
906.2
960.9
1007.8
1007.8
960.9
921.9
984.4
1023.4
953.1
906.2
937.5
1007.8
976.6
914.1
906.2
921.9
921.9
906.2
875.0
882.8
960.9
945.3
914.1
929.7
968.8
906.2
851.6
882.8
929.7
937.5
898.4
820.3
828.1
859.4
851.6
804.7
820.3
890.6
898.4
882.8
859.4
875.0
882.8
843.8
773.4
773.4
851.6
937.5
984.4
875.0
804.7
812.5
835.9
828.1
812.5
804.7
859.4
906.2
906.2
828.1
789.1
812.5
804.7
804.7
773.4
757.8
781.2
796.9
859.4
812.5
796.9
820.3
828.1
796.9
828.1
820.3
859.4
843.8
835.9
789.1
781.2
804.7
820.3
851.6
843.8
835.9
890.6
914.1
906.2
835.9
820.3
851.6
890.6
890.6
867.2
820.3
812.5
875.0
898.4
875.0
929.7
984.4
968.8
929.7
984.4
960.9
1000.0
953.1
867.2
851.6
882.8
890.6
875.0
851.6
781.2
843.8
875.0
960.9
1015.6
992.2
968.8
867.2
914.1
898.4
906.2
867.2
875.0
914.1
937.5
945.3
921.9
898.4
953.1
992.2
968.8
945.3
945.3
921.9
851.6
828.1
789.1
773.4
789.1
812.5
789.1
812.5
757.8
773.4
773.4
765.6
773.4
851.6
882.8
890.6
835.9
765.6
812.5
945.3
1039.1
1039.1
1054.7
1000.0
1039.1
937.5
1015.6
1023.4
1023.4
929.7
984.4
1031.2
1078.1
984.4
1000.0
906.2
921.9
1054.7
929.7
1015.6
1070.3
1039.1
960.9
1023.4
1039.1
945.3
921.9
992.2
984.4
945.3
898.4
976.6
1007.8
1023.4
921.9
953.1
984.4
1007.8
960.9
875.0
960.9
1007.8
1015.6
968.8
984.4
1015.6
1007.8
968.8
976.6
984.4
945.3
906.2
921.9
984.4
1015.6
960.9
937.5
1000.0
1007.8
976.6
898.4
890.6
906.2
960.9
984.4
1007.8
1031.2
1031.2
968.8
875.0
906.2
960.9
898.4
1000.0
984.4
953.1
882.8
960.9
1015.6
1039.1
1023.4
945.3
960.9
960.9
968.8
929.7
890.6
937.5
984.4
984.4
953.1
976.6
984.4
945.3
921.9
882.8
906.2
921.9
882.8
898.4
960.9
1007.8
992.2
953.1
1000.0
960.9
898.4
882.8
914.1
976.6
960.9
914.1
882.8
937.5
968.8
906.2
898.4
937.5
976.6
960.9
890.6
898.4
914.1
960.9
1015.6
906.2
968.8
984.4
1007.8
968.8
945.3
984.4
1000.0
929.7
968.8
984.4
953.1
929.7
976.6
1039.1
1054.7
1000.0
929.7
960.9
976.6
968.8
906.2
968.8
1000.0
1007.8
992.2
968.8
984.4
976.6
914.1
914.1
984.4
992.2
929.7
953.1
984.4
976.6
898.4
968.8
1046.9
1070.3
1046.9
1000.0
976.6
984.4
968.8
945.3
914.1
976.6
1062.5
1085.9
1007.8
1046.9
1000.0
945.3
976.6
1031.2
1031.2
1023.4
1062.5
1000.0
1007.8
968.8
968.8
1031.2
1109.4
1140.6
1007.8
1015.6
1031.2
921.9
984.4
1054.7
1046.9
1007.8
1070.3
1085.9
1046.9
875.0
867.2
875.0
906.2
921.9
867.2
945.3
984.4
921.9
921.9
960.9
914.1
890.6
835.9
843.8
867.2
906.2
976.6
960.9
937.5
945.3
968.8
929.7
875.0
960.9
1007.8
992.2
945.3
1007.8
1031.2
1000.0
937.5
968.8
992.2
1015.6
953.1
992.2
1039.1
1023.4
1000.0
1039.1
1046.9
1007.8
921.9
898.4
945.3
1039.1
992.2
914.1
984.4
1023.4
1000.0
953.1
992.2
1007.8
968.8
921.9
960.9
1023.4
1031.2
1007.8
1031.2
1062.5
1015.6
976.6
1015.6
1031.2
984.4
1007.8
1015.6
1023.4
1007.8
929.7
1000.0
1031.2
1046.9
1007.8
929.7
976.6
1007.8
929.7
992.2
968.8
945.3
929.7
843.8
843.8
859.4
882.8
859.4
789.1
812.5
796.9
789.1
765.6
703.1
742.2
742.2
835.9
843.8
921.9
1054.7
1070.3
953.1
960.9
1000.0
1015.6
984.4
929.7
976.6
984.4
984.4
937.5
1000.0
1062.5
1109.4
1023.4
1000.0
1046.9
1054.7
953.1
976.6
976.6
937.5
851.6
882.8
937.5
1000.0
992.2
875.0
867.2
882.8
914.1
882.8
914.1
867.2
796.9
804.7
828.1
890.6
960.9
1000.0
1000.0
960.9
1007.8
1007.8
1000.0
921.9
906.2
953.1
1015.6
1000.0
921.9
1007.8
1062.5
1101.6
953.1
976.6
984.4
945.3
882.8
906.2
906.2
890.6
851.6
906.2
976.6
976.6
937.5
984.4
859.4
890.6
906.2
867.2
960.9
1023.4
1039.1
968.8
960.9
1054.7
1046.9
945.3
992.2
1007.8
1015.6
921.9
968.8
1007.8
1054.7
976.6
992.2
945.3
945.3
953.1
851.6
812.5
804.7
812.5
781.2
773.4
734.4
773.4
812.5
867.2
890.6
820.3
906.2
1007.8
937.5
960.9
1015.6
1031.2
898.4
835.9
812.5
804.7
804.7
804.7
750.0
820.3
875.0
828.1
882.8
921.9
945.3
953.1
992.2
906.2
843.8
906.2
1000.0
960.9
992.2
992.2
929.7
804.7
851.6
968.8
1093.8
1101.6
1039.1
1062.5
1000.0
1062.5
1015.6
1031.2
1062.5
1031.2
1031.2
1007.8
976.6
1039.1
