820.3
851.6
843.8
835.9
781.2
781.2
695.3
734.4
656.2
703.1
632.8
710.9
718.8
750.0
757.8
750.0
734.4
703.1
695.3
679.7
640.6
679.7
664.1
679.7
687.5
710.9
726.6
703.1
710.9
687.5
664.1
656.2
640.6
640.6
648.4
648.4
679.7
695.3
695.3
703.1
710.9
695.3
695.3
671.9
656.2
648.4
617.2
609.4
601.6
601.6
601.6
609.4
625.0
648.4
695.3
703.1
710.9
710.9
695.3
671.9
625.0
640.6
625.0
625.0
617.2
601.6
632.8
632.8
625.0
625.0
632.8
617.2
617.2
601.6
585.9
585.9
601.6
625.0
648.4
671.9
703.1
695.3
703.1
687.5
695.3
687.5
679.7
648.4
632.8
625.0
617.2
609.4
601.6
593.8
609.4
617.2
632.8
671.9
718.8
718.8
726.6
734.4
695.3
718.8
718.8
718.8
703.1
679.7
671.9
664.1
640.6
632.8
648.4
625.0
609.4
593.8
585.9
585.9
578.1
570.3
578.1
578.1
609.4
625.0
656.2
671.9
671.9
664.1
703.1
687.5
679.7
664.1
656.2
640.6
625.0
625.0
601.6
593.8
593.8
593.8
578.1
609.4
578.1
546.9
585.9
578.1
578.1
570.3
585.9
554.7
578.1
578.1
585.9
609.4
601.6
617.2
625.0
632.8
648.4
640.6
640.6
632.8
632.8
617.2
625.0
632.8
593.8
625.0
578.1
632.8
601.6
609.4
617.2
640.6
640.6
625.0
609.4
617.2
625.0
617.2
625.0
640.6
640.6
648.4
648.4
656.2
703.1
648.4
710.9
679.7
671.9
648.4
640.6
585.9
625.0
601.6
585.9
578.1
546.9
554.7
570.3
601.6
640.6
687.5
695.3
710.9
679.7
710.9
695.3
671.9
664.1
664.1
656.2
648.4
640.6
625.0
640.6
601.6
625.0
609.4
593.8
585.9
562.5
585.9
593.8
609.4
640.6
679.7
726.6
757.8
726.6
710.9
710.9
718.8
695.3
687.5
664.1
640.6
625.0
601.6
593.8
570.3
593.8
539.1
546.9
546.9
539.1
546.9
562.5
609.4
625.0
640.6
648.4
648.4
656.2
671.9
687.5
703.1
718.8
718.8
687.5
656.2
640.6
609.4
593.8
585.9
585.9
570.3
570.3
570.3
562.5
585.9
632.8
656.2
679.7
687.5
703.1
718.8
710.9
687.5
671.9
671.9
671.9
640.6
640.6
625.0
609.4
585.9
578.1
570.3
554.7
554.7
539.1
539.1
539.1
531.2
531.2
531.2
546.9
570.3
585.9
625.0
656.2
664.1
687.5
679.7
695.3
703.1
734.4
734.4
710.9
687.5
640.6
617.2
601.6
578.1
570.3
562.5
554.7
546.9
554.7
546.9
562.5
578.1
593.8
609.4
656.2
679.7
679.7
679.7
671.9
710.9
679.7
687.5
679.7
656.2
640.6
617.2
601.6
585.9
570.3
562.5
546.9
539.1
531.2
523.4
531.2
539.1
554.7
601.6
656.2
703.1
734.4
773.4
757.8
765.6
734.4
703.1
687.5
664.1
625.0
625.0
585.9
585.9
570.3
554.7
546.9
539.1
531.2
546.9
546.9
578.1
609.4
640.6
664.1
679.7
710.9
734.4
750.0
750.0
718.8
679.7
625.0
609.4
593.8
578.1
562.5
562.5
539.1
546.9
570.3
609.4
601.6
617.2
578.1
578.1
593.8
617.2
617.2
632.8
640.6
632.8
625.0
625.0
632.8
617.2
617.2
609.4
601.6
593.8
593.8
593.8
609.4
609.4
585.9
593.8
578.1
562.5
562.5
562.5
554.7
554.7
546.9
562.5
554.7
562.5
585.9
609.4
625.0
640.6
640.6
671.9
687.5
710.9
703.1
671.9
648.4
625.0
593.8
593.8
570.3
562.5
546.9
539.1
531.2
531.2
531.2
546.9
570.3
617.2
640.6
679.7
687.5
695.3
710.9
742.2
750.0
773.4
742.2
718.8
695.3
656.2
632.8
625.0
601.6
585.9
570.3
562.5
554.7
546.9
539.1
539.1
554.7
585.9
679.7
718.8
757.8
757.8
773.4
765.6
773.4
804.7
828.1
812.5
789.1
773.4
734.4
718.8
679.7
640.6
640.6
609.4
593.8
585.9
570.3
570.3
570.3
570.3
585.9
609.4
671.9
664.1
757.8
718.8
750.0
734.4
710.9
695.3
695.3
695.3
671.9
664.1
648.4
632.8
625.0
609.4
609.4
585.9
585.9
578.1
570.3
562.5
570.3
585.9
609.4
640.6
656.2
656.2
671.9
664.1
671.9
656.2
664.1
664.1
648.4
632.8
617.2
617.2
593.8
585.9
562.5
546.9
554.7
531.2
523.4
531.2
523.4
515.6
523.4
539.1
546.9
562.5
570.3
585.9
593.8
601.6
617.2
601.6
609.4
593.8
593.8
601.6
601.6
601.6
585.9
593.8
578.1
570.3
570.3
554.7
554.7
546.9
546.9
562.5
562.5
585.9
601.6
640.6
640.6
671.9
679.7
664.1
656.2
656.2
640.6
648.4
648.4
625.0
617.2
601.6
593.8
585.9
570.3
570.3
554.7
546.9
546.9
539.1
539.1
531.2
539.1
554.7
578.1
609.4
679.7
679.7
703.1
703.1
695.3
703.1
695.3
687.5
671.9
664.1
648.4
617.2
609.4
585.9
570.3
562.5
554.7
546.9
539.1
531.2
523.4
523.4
531.2
554.7
562.5
601.6
625.0
656.2
671.9
687.5
695.3
695.3
679.7
656.2
640.6
625.0
617.2
601.6
585.9
570.3
562.5
539.1
546.9
531.2
554.7
578.1
648.4
695.3
726.6
765.6
710.9
742.2
726.6
710.9
679.7
671.9
648.4
625.0
625.0
625.0
601.6
593.8
585.9
570.3
562.5
562.5
539.1
531.2
539.1
523.4
539.1
539.1
531.2
531.2
546.9
554.7
562.5
593.8
593.8
609.4
625.0
632.8
625.0
609.4
609.4
609.4
609.4
617.2
601.6
593.8
570.3
562.5
554.7
546.9
554.7
539.1
539.1
531.2
539.1
531.2
539.1
531.2
539.1
539.1
546.9
554.7
570.3
585.9
585.9
593.8
593.8
593.8
585.9
585.9
570.3
570.3
562.5
554.7
546.9
539.1
539.1
546.9
546.9
539.1
539.1
531.2
546.9
539.1
539.1
546.9
531.2
539.1
539.1
554.7
554.7
570.3
578.1
593.8
593.8
601.6
601.6
609.4
601.6
601.6
585.9
578.1
578.1
562.5
570.3
554.7
554.7
554.7
539.1
539.1
531.2
531.2
523.4
523.4
515.6
523.4
531.2
531.2
546.9
562.5
570.3
593.8
625.0
617.2
632.8
617.2
609.4
609.4
617.2
625.0
601.6
593.8
585.9
578.1
554.7
554.7
539.1
531.2
523.4
523.4
515.6
515.6
500.0
507.8
507.8
507.8
531.2
562.5
601.6
632.8
640.6
648.4
648.4
625.0
609.4
601.6
601.6
609.4
601.6
601.6
617.2
601.6
585.9
578.1
570.3
554.7
539.1
539.1
546.9
523.4
515.6
515.6
515.6
539.1
570.3
656.2
703.1
710.9
726.6
726.6
726.6
703.1
695.3
687.5
679.7
656.2
664.1
640.6
625.0
593.8
585.9
562.5
546.9
539.1
531.2
531.2
523.4
523.4
523.4
531.2
539.1
562.5
570.3
585.9
601.6
609.4
625.0
617.2
625.0
632.8
632.8
640.6
617.2
617.2
609.4
578.1
570.3
554.7
539.1
539.1
531.2
523.4
523.4
531.2
531.2
546.9
601.6
656.2
656.2
679.7
687.5
664.1
687.5
687.5
695.3
671.9
648.4
640.6
625.0
593.8
593.8
570.3
562.5
546.9
546.9
539.1
531.2
531.2
539.1
554.7
578.1
601.6
617.2
632.8
640.6
671.9
679.7
679.7
679.7
648.4
632.8
617.2
601.6
593.8
570.3
562.5
546.9
539.1
539.1
539.1
546.9
570.3
578.1
609.4
609.4
609.4
609.4
601.6
625.0
625.0
632.8
656.2
625.0
609.4
593.8
578.1
562.5
554.7
539.1
539.1
523.4
515.6
507.8
507.8
507.8
507.8
523.4
562.5
593.8
664.1
679.7
679.7
625.0
617.2
609.4
609.4
625.0
617.2
625.0
617.2
617.2
609.4
593.8
562.5
562.5
546.9
523.4
531.2
507.8
507.8
507.8
492.2
507.8
507.8
523.4
562.5
562.5
578.1
593.8
601.6
593.8
601.6
601.6
617.2
625.0
632.8
648.4
625.0
632.8
609.4
601.6
578.1
562.5
554.7
546.9
546.9
554.7
554.7
562.5
585.9
585.9
585.9
593.8
601.6
593.8
593.8
593.8
593.8
585.9
578.1
570.3
554.7
554.7
539.1
531.2
531.2
515.6
531.2
507.8
515.6
523.4
531.2
554.7
