796.9
851.6
859.4
859.4
812.5
867.2
914.1
929.7
882.8
937.5
937.5
882.8
890.6
914.1
867.2
914.1
953.1
937.5
906.2
960.9
953.1
937.5
960.9
929.7
898.4
937.5
976.6
929.7
960.9
1000.0
984.4
984.4
1023.4
984.4
914.1
937.5
953.1
976.6
921.9
992.2
1023.4
968.8
976.6
1007.8
1015.6
929.7
914.1
960.9
984.4
960.9
937.5
992.2
1015.6
976.6
1015.6
1007.8
968.8
960.9
992.2
921.9
968.8
984.4
937.5
929.7
984.4
984.4
921.9
984.4
1000.0
921.9
968.8
984.4
914.1
882.8
898.4
914.1
890.6
875.0
929.7
960.9
1000.0
1000.0
992.2
921.9
953.1
968.8
898.4
921.9
929.7
890.6
882.8
937.5
960.9
898.4
968.8
1007.8
968.8
968.8
1000.0
976.6
906.2
953.1
984.4
929.7
937.5
984.4
984.4
921.9
953.1
976.6
960.9
929.7
992.2
1007.8
945.3
968.8
1007.8
984.4
929.7
960.9
976.6
929.7
937.5
953.1
906.2
960.9
984.4
992.2
953.1
984.4
984.4
921.9
914.1
960.9
968.8
921.9
953.1
976.6
914.1
953.1
968.8
953.1
906.2
929.7
976.6
1023.4
953.1
1000.0
976.6
929.7
859.4
890.6
898.4
882.8
812.5
781.2
773.4
835.9
804.7
851.6
898.4
953.1
898.4
976.6
1015.6
976.6
1000.0
1039.1
945.3
914.1
960.9
968.8
914.1
914.1
968.8
1015.6
953.1
1000.0
1023.4
960.9
1000.0
1000.0
968.8
898.4
929.7
953.1
929.7
914.1
960.9
992.2
914.1
976.6
945.3
898.4
945.3
1000.0
1031.2
945.3
1000.0
1031.2
953.1
992.2
1023.4
960.9
976.6
984.4
906.2
898.4
929.7
960.9
921.9
960.9
1007.8
984.4
921.9
968.8
984.4
921.9
921.9
945.3
960.9
890.6
921.9
953.1
937.5
921.9
945.3
960.9
890.6
914.1
953.1
906.2
929.7
968.8
960.9
898.4
921.9
953.1
953.1
898.4
960.9
984.4
953.1
968.8
1000.0
968.8
953.1
960.9
968.8
882.8
921.9
945.3
929.7
914.1
976.6
1007.8
937.5
976.6
976.6
960.9
890.6
906.2
929.7
906.2
867.2
921.9
945.3
898.4
945.3
984.4
968.8
921.9
960.9
960.9
890.6
890.6
914.1
875.0
890.6
921.9
921.9
898.4
960.9
976.6
929.7
937.5
953.1
960.9
882.8
906.2
929.7
875.0
929.7
976.6
984.4
960.9
984.4
1007.8
945.3
890.6
914.1
921.9
867.2
859.4
882.8
890.6
843.8
867.2
921.9
968.8
945.3
960.9
976.6
953.1
921.9
953.1
953.1
882.8
859.4
890.6
906.2
859.4
921.9
945.3
906.2
929.7
968.8
968.8
914.1
929.7
945.3
882.8
906.2
929.7
953.1
890.6
914.1
937.5
953.1
906.2
929.7
953.1
960.9
914.1
953.1
968.8
898.4
914.1
867.2
875.0
859.4
828.1
859.4
906.2
929.7
882.8
937.5
945.3
867.2
867.2
859.4
828.1
835.9
875.0
890.6
851.6
890.6
898.4
867.2
867.2
906.2
929.7
875.0
906.2
898.4
851.6
867.2
875.0
890.6
859.4
882.8
906.2
929.7
890.6
953.1
945.3
921.9
882.8
906.2
921.9
867.2
898.4
898.4
843.8
804.7
765.6
804.7
914.1
921.9
984.4
984.4
921.9
953.1
960.9
906.2
914.1
914.1
898.4
851.6
906.2
929.7
898.4
906.2
945.3
976.6
937.5
945.3
984.4
992.2
914.1
945.3
960.9
882.8
906.2
937.5
953.1
914.1
953.1
976.6
945.3
914.1
960.9
945.3
898.4
898.4
929.7
929.7
882.8
921.9
953.1
914.1
914.1
937.5
914.1
914.1
937.5
945.3
898.4
929.7
960.9
984.4
921.9
953.1
976.6
921.9
929.7
968.8
968.8
914.1
898.4
929.7
953.1
898.4
937.5
945.3
898.4
906.2
945.3
960.9
906.2
945.3
984.4
921.9
929.7
937.5
937.5
890.6
921.9
953.1
921.9
929.7
968.8
968.8
898.4
929.7
914.1
851.6
875.0
898.4
898.4
882.8
929.7
945.3
906.2
882.8
929.7
937.5
890.6
914.1
929.7
906.2
890.6
937.5
937.5
898.4
914.1
945.3
929.7
890.6
945.3
960.9
914.1
898.4
929.7
921.9
882.8
890.6
929.7
898.4
921.9
953.1
906.2
960.9
953.1
890.6
890.6
898.4
921.9
898.4
898.4
929.7
882.8
953.1
945.3
906.2
937.5
929.7
890.6
914.1
937.5
875.0
914.1
921.9
914.1
882.8
921.9
960.9
921.9
921.9
953.1
992.2
937.5
937.5
960.9
937.5
890.6
929.7
937.5
898.4
921.9
953.1
