937.5
882.8
906.2
953.1
960.9
976.6
976.6
968.8
929.7
921.9
937.5
914.1
929.7
976.6
1015.6
968.8
976.6
976.6
914.1
937.5
1000.0
992.2
945.3
953.1
968.8
898.4
914.1
937.5
906.2
914.1
937.5
921.9
937.5
937.5
898.4
867.2
882.8
898.4
882.8
929.7
960.9
906.2
921.9
968.8
960.9
937.5
953.1
945.3
890.6
937.5
953.1
953.1
968.8
968.8
968.8
937.5
937.5
921.9
843.8
851.6
843.8
765.6
781.2
796.9
875.0
843.8
859.4
859.4
914.1
921.9
953.1
1007.8
1000.0
953.1
906.2
906.2
890.6
875.0
921.9
945.3
945.3
953.1
953.1
929.7
945.3
953.1
960.9
906.2
937.5
945.3
906.2
960.9
968.8
921.9
960.9
976.6
945.3
953.1
968.8
929.7
875.0
859.4
898.4
875.0
906.2
976.6
960.9
976.6
960.9
937.5
890.6
914.1
945.3
898.4
929.7
968.8
968.8
921.9
953.1
976.6
906.2
921.9
937.5
906.2
890.6
945.3
945.3
898.4
929.7
960.9
945.3
976.6
992.2
960.9
898.4
914.1
914.1
875.0
898.4
976.6
976.6
945.3
968.8
976.6
937.5
906.2
937.5
984.4
945.3
1000.0
1031.2
984.4
890.6
898.4
937.5
921.9
937.5
929.7
929.7
875.0
929.7
984.4
960.9
984.4
976.6
914.1
859.4
867.2
882.8
867.2
882.8
929.7
953.1
914.1
945.3
960.9
906.2
898.4
929.7
929.7
890.6
929.7
937.5
898.4
945.3
960.9
953.1
890.6
906.2
906.2
875.0
890.6
929.7
914.1
882.8
921.9
945.3
898.4
929.7
953.1
914.1
867.2
875.0
875.0
812.5
843.8
906.2
960.9
960.9
1039.1
1046.9
1000.0
953.1
960.9
929.7
890.6
906.2
937.5
898.4
937.5
953.1
937.5
898.4
921.9
921.9
875.0
875.0
898.4
906.2
890.6
953.1
1000.0
968.8
937.5
937.5
898.4
859.4
898.4
953.1
898.4
945.3
984.4
960.9
914.1
945.3
953.1
898.4
914.1
921.9
914.1
890.6
937.5
992.2
929.7
953.1
945.3
898.4
882.8
929.7
960.9
890.6
921.9
960.9
960.9
937.5
968.8
968.8
921.9
906.2
898.4
875.0
843.8
906.2
984.4
984.4
992.2
1000.0
953.1
859.4
859.4
875.0
890.6
859.4
921.9
953.1
929.7
914.1
929.7
906.2
875.0
898.4
937.5
882.8
921.9
945.3
960.9
921.9
953.1
960.9
898.4
914.1
914.1
851.6
812.5
828.1
843.8
804.7
796.9
812.5
789.1
703.1
718.8
695.3
695.3
687.5
695.3
687.5
671.9
664.1
664.1
671.9
664.1
671.9
687.5
703.1
695.3
687.5
703.1
710.9
734.4
718.8
750.0
796.9
875.0
843.8
875.0
867.2
843.8
804.7
835.9
851.6
898.4
976.6
976.6
929.7
898.4
929.7
929.7
851.6
867.2
898.4
890.6
867.2
921.9
906.2
828.1
828.1
843.8
828.1
812.5
859.4
890.6
890.6
914.1
937.5
921.9
898.4
898.4
875.0
851.6
867.2
859.4
828.1
851.6
898.4
921.9
906.2
953.1
960.9
906.2
906.2
945.3
929.7
890.6
898.4
898.4
945.3
906.2
937.5
953.1
882.8
906.2
906.2
867.2
898.4
906.2
921.9
890.6
914.1
914.1
835.9
875.0
898.4
890.6
890.6
906.2
906.2
859.4
867.2
867.2
859.4
828.1
875.0
890.6
875.0
890.6
921.9
914.1
875.0
898.4
929.7
898.4
906.2
921.9
921.9
875.0
929.7
945.3
882.8
882.8
898.4
867.2
851.6
890.6
898.4
859.4
867.2
914.1
875.0
882.8
929.7
890.6
851.6
898.4
921.9
882.8
906.2
906.2
851.6
820.3
867.2
890.6
867.2
906.2
937.5
921.9
921.9
960.9
937.5
859.4
875.0
859.4
843.8
851.6
906.2
914.1
859.4
929.7
953.1
890.6
890.6
875.0
812.5
781.2
773.4
726.6
695.3
695.3
671.9
656.2
656.2
648.4
640.6
632.8
632.8
656.2
671.9
734.4
765.6
789.1
765.6
710.9
718.8
718.8
742.2
718.8
718.8
757.8
820.3
835.9
773.4
796.9
804.7
843.8
828.1
812.5
851.6
867.2
890.6
843.8
828.1
851.6
859.4
796.9
828.1
859.4
890.6
867.2
914.1
945.3
945.3
914.1
914.1
929.7
906.2
898.4
921.9
937.5
898.4
921.9
937.5
906.2
875.0
875.0
890.6
882.8
882.8
945.3
976.6
898.4
890.6
843.8
812.5
757.8
773.4
843.8
992.2
1015.6
1023.4
992.2
953.1
882.8
882.8
882.8
867.2
867.2
914.1
914.1
867.2
906.2
953.1
945.3
914.1
937.5
921.9
882.8
851.6
875.0
921.9
929.7
914.1
914.1
921.9
890.6
882.8
906.2
921.9
875.0
929.7
960.9
953.1
890.6
914.1
953.1
953.1
921.9
945.3
937.5
898.4
960.9
1031.2
1023.4
968.8
953.1
945.3
875.0
875.0
921.9
945.3
921.9
976.6
984.4
945.3
945.3
937.5
882.8
914.1
953.1
984.4
937.5
953.1
960.9
906.2
921.9
968.8
960.9
937.5
953.1
945.3
906.2
875.0
882.8
937.5
921.9
921.9
898.4
859.4
804.7
820.3
828.1
859.4
898.4
960.9
960.9
898.4
906.2
835.9
765.6
734.4
710.9
710.9
695.3
703.1
765.6
929.7
976.6
890.6
859.4
804.7
773.4
750.0
757.8
804.7
828.1
828.1
890.6
937.5
929.7
937.5
937.5
906.2
867.2
875.0
882.8
867.2
820.3
828.1
890.6
906.2
937.5
992.2
976.6
914.1
929.7
937.5
882.8
906.2
929.7
921.9
921.9
929.7
882.8
898.4
921.9
937.5
882.8
906.2
929.7
906.2
914.1
937.5
914.1
882.8
914.1
929.7
867.2
921.9
937.5
898.4
921.9
953.1
953.1
898.4
914.1
929.7
875.0
890.6
921.9
921.9
890.6
914.1
945.3
937.5
929.7
937.5
937.5
867.2
898.4
945.3
914.1
906.2
945.3
953.1
867.2
875.0
867.2
835.9
828.1
882.8
953.1
945.3
937.5
