664.1
695.3
773.4
929.7
859.4
890.6
859.4
796.9
757.8
703.1
679.7
664.1
640.6
632.8
664.1
710.9
710.9
695.3
679.7
671.9
671.9
648.4
648.4
625.0
593.8
617.2
632.8
773.4
796.9
796.9
781.2
757.8
726.6
695.3
664.1
640.6
632.8
625.0
640.6
656.2
718.8
820.3
867.2
875.0
859.4
812.5
757.8
710.9
656.2
640.6
625.0
617.2
632.8
679.7
734.4
835.9
921.9
890.6
890.6
835.9
757.8
710.9
664.1
640.6
625.0
617.2
640.6
734.4
796.9
789.1
796.9
742.2
734.4
703.1
671.9
656.2
648.4
664.1
757.8
765.6
804.7
789.1
796.9
734.4
710.9
687.5
656.2
632.8
632.8
617.2
695.3
875.0
796.9
804.7
804.7
742.2
710.9
687.5
671.9
648.4
648.4
679.7
710.9
718.8
843.8
765.6
742.2
718.8
742.2
718.8
679.7
656.2
632.8
617.2
609.4
625.0
632.8
687.5
781.2
898.4
843.8
867.2
828.1
750.0
687.5
656.2
617.2
601.6
609.4
625.0
664.1
718.8
828.1
859.4
859.4
929.7
890.6
867.2
789.1
742.2
695.3
671.9
656.2
632.8
625.0
640.6
703.1
757.8
781.2
765.6
750.0
726.6
703.1
664.1
640.6
625.0
625.0
632.8
695.3
765.6
906.2
929.7
914.1
875.0
796.9
750.0
695.3
664.1
664.1
664.1
710.9
875.0
921.9
921.9
890.6
828.1
773.4
734.4
695.3
648.4
632.8
632.8
648.4
703.1
804.7
898.4
984.4
976.6
906.2
859.4
773.4
726.6
703.1
687.5
671.9
710.9
765.6
796.9
757.8
726.6
695.3
671.9
640.6
640.6
617.2
640.6
695.3
867.2
828.1
851.6
789.1
757.8
718.8
679.7
640.6
625.0
632.8
648.4
750.0
882.8
882.8
875.0
804.7
765.6
710.9
679.7
671.9
632.8
632.8
632.8
640.6
648.4
687.5
890.6
898.4
882.8
875.0
820.3
781.2
726.6
679.7
664.1
640.6
648.4
695.3
765.6
984.4
921.9
945.3
890.6
812.5
765.6
718.8
679.7
664.1
664.1
679.7
781.2
914.1
914.1
914.1
859.4
812.5
750.0
710.9
679.7
656.2
648.4
664.1
687.5
781.2
828.1
789.1
765.6
710.9
687.5
671.9
648.4
640.6
656.2
726.6
851.6
835.9
851.6
812.5
765.6
718.8
671.9
664.1
609.4
601.6
601.6
617.2
656.2
718.8
828.1
914.1
960.9
960.9
929.7
906.2
820.3
742.2
718.8
656.2
664.1
671.9
757.8
914.1
875.0
867.2
851.6
796.9
734.4
703.1
671.9
679.7
679.7
734.4
835.9
929.7
890.6
843.8
781.2
726.6
710.9
695.3
656.2
648.4
695.3
710.9
710.9
664.1
656.2
648.4
656.2
687.5
796.9
820.3
820.3
789.1
750.0
718.8
687.5
664.1
648.4
656.2
671.9
781.2
992.2
906.2
898.4
820.3
796.9
734.4
710.9
695.3
671.9
679.7
757.8
828.1
812.5
796.9
726.6
703.1
695.3
679.7
664.1
671.9
718.8
882.8
921.9
914.1
875.0
812.5
773.4
726.6
695.3
664.1
648.4
640.6
656.2
687.5
726.6
765.6
726.6
687.5
687.5
679.7
718.8
695.3
703.1
687.5
695.3
695.3
734.4
742.2
710.9
757.8
757.8
765.6
750.0
718.8
687.5
679.7
625.0
640.6
593.8
609.4
617.2
664.1
828.1
867.2
867.2
875.0
851.6
781.2
742.2
710.9
695.3
687.5
710.9
765.6
789.1
781.2
757.8
718.8
695.3
656.2
632.8
640.6
609.4
632.8
687.5
757.8
890.6
914.1
890.6
851.6
789.1
710.9
734.4
687.5
671.9
679.7
765.6
796.9
781.2
742.2
710.9
664.1
656.2
640.6
648.4
765.6
835.9
867.2
835.9
789.1
750.0
734.4
718.8
710.9
789.1
906.2
898.4
875.0
812.5
773.4
734.4
695.3
679.7
671.9
679.7
710.9
796.9
960.9
945.3
937.5
890.6
820.3
781.2
703.1
703.1
671.9
656.2
679.7
734.4
828.1
875.0
843.8
804.7
765.6
726.6
679.7
664.1
648.4
640.6
648.4
765.6
828.1
859.4
851.6
812.5
773.4
742.2
710.9
710.9
687.5
703.1
742.2
906.2
867.2
890.6
835.9
781.2
742.2
695.3
664.1
648.4
640.6
664.1
687.5
812.5
882.8
882.8
882.8
828.1
781.2
742.2
710.9
687.5
679.7
679.7
710.9
773.4
859.4
843.8
820.3
781.2
734.4
695.3
664.1
648.4
656.2
656.2
703.1
757.8
765.6
765.6
742.2
695.3
687.5
679.7
632.8
648.4
640.6
679.7
750.0
812.5
812.5
812.5
757.8
710.9
695.3
671.9
617.2
640.6
632.8
632.8
734.4
851.6
843.8
851.6
812.5
781.2
710.9
687.5
664.1
679.7
750.0
835.9
835.9
828.1
804.7
742.2
726.6
703.1
687.5
718.8
867.2
875.0
867.2
835.9
781.2
750.0
695.3
664.1
632.8
632.8
617.2
648.4
718.8
859.4
843.8
859.4
820.3
812.5
757.8
726.6
687.5
671.9
648.4
617.2
617.2
609.4
640.6
703.1
859.4
859.4
890.6
867.2
835.9
796.9
750.0
710.9
687.5
656.2
664.1
671.9
710.9
820.3
851.6
851.6
851.6
812.5
765.6
718.8
679.7
671.9
656.2
617.2
640.6
687.5
796.9
867.2
867.2
882.8
843.8
804.7
742.2
710.9
695.3
664.1
656.2
679.7
687.5
781.2
921.9
937.5
875.0
843.8
796.9
757.8
710.9
695.3
664.1
671.9
679.7
742.2
882.8
875.0
851.6
789.1
734.4
726.6
718.8
687.5
679.7
710.9
781.2
851.6
867.2
828.1
789.1
757.8
703.1
695.3
679.7
664.1
679.7
726.6
781.2
820.3
945.3
835.9
789.1
757.8
718.8
703.1
703.1
687.5
671.9
695.3
710.9
773.4
851.6
898.4
867.2
843.8
781.2
742.2
695.3
679.7
664.1
640.6
671.9
750.0
937.5
929.7
945.3
929.7
843.8
796.9
742.2
703.1
679.7
671.9
671.9
750.0
804.7
898.4
773.4
804.7
726.6
710.9
695.3
687.5
710.9
742.2
757.8
757.8
742.2
710.9
671.9
664.1
640.6
640.6
664.1
718.8
859.4
859.4
875.0
828.1
804.7
757.8
734.4
703.1
695.3
687.5
734.4
820.3
851.6
843.8
867.2
796.9
750.0
718.8
687.5
671.9
664.1
671.9
726.6
812.5
851.6
835.9
789.1
757.8
726.6
703.1
687.5
679.7
671.9
742.2
765.6
765.6
726.6
718.8
671.9
664.1
632.8
617.2
625.0
640.6
656.2
773.4
1015.6
960.9
929.7
875.0
812.5
757.8
718.8
710.9
695.3
726.6
796.9
867.2
890.6
867.2
835.9
781.2
750.0
718.8
679.7
664.1
656.2
648.4
664.1
703.1
859.4
960.9
953.1
929.7
867.2
789.1
726.6
718.8
703.1
679.7
718.8
835.9
843.8
851.6
828.1
781.2
742.2
710.9
687.5
671.9
664.1
656.2
687.5
710.9
851.6
1007.8
945.3
945.3
890.6
835.9
750.0
718.8
679.7
664.1
679.7
695.3
750.0
820.3
945.3
898.4
906.2
843.8
804.7
750.0
710.9
687.5
664.1
664.1
640.6
656.2
695.3
757.8
960.9
937.5
914.1
906.2
851.6
796.9
773.4
718.8
703.1
671.9
656.2
656.2
687.5
750.0
796.9
898.4
914.1
914.1
898.4
835.9
765.6
718.8
695.3
679.7
687.5
742.2
843.8
835.9
820.3
765.6
742.2
710.9
679.7
656.2
664.1
671.9
734.4
