640.6
617.2
617.2
617.2
632.8
656.2
906.2
914.1
843.8
765.6
726.6
671.9
664.1
632.8
625.0
625.0
625.0
625.0
632.8
664.1
679.7
726.6
718.8
703.1
703.1
671.9
656.2
632.8
617.2
601.6
601.6
578.1
593.8
578.1
617.2
617.2
882.8
812.5
742.2
687.5
656.2
617.2
609.4
593.8
601.6
609.4
632.8
671.9
742.2
765.6
734.4
710.9
679.7
640.6
625.0
601.6
593.8
593.8
578.1
593.8
609.4
632.8
710.9
726.6
671.9
648.4
632.8
617.2
617.2
609.4
617.2
617.2
625.0
679.7
718.8
773.4
718.8
671.9
648.4
625.0
609.4
601.6
609.4
609.4
648.4
1195.3
1031.2
945.3
914.1
781.2
671.9
648.4
625.0
640.6
921.9
1039.1
1046.9
1023.4
921.9
757.8
687.5
617.2
609.4
593.8
609.4
609.4
632.8
703.1
960.9
914.1
882.8
750.0
726.6
664.1
648.4
625.0
601.6
593.8
593.8
585.9
609.4
609.4
625.0
875.0
921.9
859.4
796.9
710.9
664.1
617.2
617.2
593.8
609.4
601.6
640.6
882.8
929.7
898.4
804.7
718.8
664.1
640.6
617.2
609.4
617.2
617.2
640.6
664.1
914.1
898.4
828.1
796.9
789.1
679.7
679.7
601.6
617.2
1023.4
710.9
601.6
570.3
570.3
578.1
601.6
648.4
664.1
640.6
609.4
585.9
601.6
570.3
570.3
570.3
570.3
554.7
570.3
562.5
562.5
562.5
570.3
593.8
617.2
640.6
664.1
656.2
648.4
625.0
601.6
593.8
578.1
578.1
562.5
554.7
554.7
562.5
570.3
578.1
601.6
890.6
882.8
820.3
804.7
742.2
679.7
640.6
593.8
585.9
585.9
578.1
578.1
593.8
617.2
656.2
968.8
1000.0
968.8
921.9
882.8
742.2
679.7
703.1
539.1
601.6
609.4
625.0
632.8
695.3
921.9
875.0
828.1
812.5
734.4
671.9
632.8
609.4
601.6
585.9
585.9
585.9
609.4
609.4
648.4
1062.5
945.3
906.2
804.7
695.3
632.8
601.6
593.8
593.8
609.4
671.9
882.8
875.0
898.4
906.2
851.6
757.8
710.9
664.1
671.9
648.4
609.4
640.6
617.2
882.8
945.3
882.8
929.7
937.5
882.8
742.2
867.2
812.5
687.5
671.9
656.2
679.7
742.2
937.5
914.1
875.0
710.9
718.8
710.9
570.3
570.3
601.6
562.5
585.9
554.7
601.6
562.5
640.6
656.2
679.7
664.1
664.1
625.0
656.2
570.3
593.8
593.8
578.1
570.3
578.1
578.1
570.3
578.1
593.8
593.8
640.6
890.6
867.2
796.9
750.0
703.1
640.6
632.8
585.9
578.1
617.2
531.2
562.5
570.3
570.3
570.3
585.9
593.8
593.8
867.2
859.4
851.6
765.6
710.9
671.9
609.4
578.1
562.5
546.9
437.5
656.2
539.1
546.9
539.1
546.9
570.3
585.9
625.0
625.0
609.4
578.1
570.3
578.1
570.3
554.7
554.7
554.7
554.7
562.5
562.5
578.1
593.8
820.3
851.6
773.4
750.0
687.5
656.2
593.8
601.6
531.2
578.1
507.8
531.2
539.1
546.9
523.4
531.2
554.7
515.6
625.0
781.2
773.4
750.0
687.5
648.4
601.6
585.9
578.1
539.1
554.7
539.1
546.9
531.2
515.6
539.1
539.1
554.7
554.7
640.6
953.1
851.6
804.7
734.4
687.5
640.6
593.8
570.3
554.7
546.9
546.9
531.2
539.1
539.1
546.9
562.5
570.3
601.6
937.5
914.1
859.4
828.1
773.4
734.4
687.5
640.6
593.8
578.1
601.6
531.2
554.7
562.5
578.1
562.5
601.6
609.4
625.0
1054.7
976.6
890.6
828.1
781.2
656.2
632.8
640.6
554.7
539.1
546.9
593.8
554.7
531.2
562.5
562.5
585.9
570.3
656.2
804.7
765.6
445.3
1015.6
703.1
664.1
625.0
601.6
570.3
554.7
546.9
437.5
679.7
554.7
554.7
562.5
578.1
804.7
804.7
734.4
695.3
664.1
625.0
593.8
570.3
445.3
539.1
804.7
578.1
570.3
585.9
609.4
648.4
664.1
656.2
625.0
593.8
601.6
578.1
562.5
570.3
578.1
578.1
601.6
617.2
687.5
882.8
890.6
820.3
718.8
671.9
601.6
593.8
570.3
546.9
562.5
562.5
570.3
898.4
914.1
835.9
796.9
726.6
664.1
625.0
593.8
585.9
570.3
578.1
578.1
601.6
632.8
640.6
687.5
718.8
867.2
898.4
828.1
789.1
750.0
726.6
664.1
625.0
593.8
578.1
570.3
585.9
601.6
546.9
570.3
593.8
617.2
656.2
835.9
812.5
976.6
1023.4
960.9
882.8
812.5
750.0
679.7
640.6
609.4
593.8
593.8
609.4
609.4
609.4
632.8
632.8
687.5
960.9
968.8
1015.6
1007.8
945.3
875.0
812.5
726.6
671.9
656.2
625.0
617.2
601.6
1390.6
656.2
625.0
601.6
617.2
625.0
968.8
851.6
851.6
804.7
765.6
710.9
671.9
617.2
593.8
585.9
562.5
562.5
1210.9
601.6
609.4
625.0
921.9
890.6
890.6
835.9
796.9
742.2
703.1
664.1
632.8
593.8
585.9
585.9
570.3
593.8
601.6
640.6
570.3
1156.2
1023.4
1054.7
953.1
875.0
781.2
703.1
656.2
617.2
609.4
585.9
625.0
656.2
601.6
601.6
609.4
640.6
679.7
929.7
953.1
968.8
945.3
890.6
812.5
718.8
664.1
640.6
609.4
609.4
593.8
593.8
593.8
593.8
625.0
664.1
1000.0
1007.8
1054.7
1015.6
906.2
835.9
765.6
710.9
664.1
640.6
617.2
593.8
593.8
593.8
1312.5
625.0
625.0
648.4
671.9
992.2
984.4
906.2
859.4
812.5
750.0
687.5
671.9
632.8
609.4
601.6
585.9
585.9
625.0
632.8
703.1
960.9
1031.2
960.9
960.9
898.4
843.8
546.9
929.7
671.9
625.0
593.8
593.8
593.8
632.8
921.9
804.7
1515.6
664.1
664.1
718.8
945.3
1015.6
1023.4
1031.2
929.7
1570.3
773.4
640.6
593.8
656.2
593.8
601.6
640.6
945.3
882.8
898.4
921.9
937.5
960.9
898.4
882.8
859.4
835.9
812.5
765.6
734.4
687.5
656.2
640.6
617.2
625.0
648.4
664.1
695.3
765.6
867.2
898.4
1085.9
984.4
937.5
867.2
789.1
718.8
679.7
656.2
632.8
632.8
625.0
648.4
656.2
679.7
718.8
726.6
734.4
945.3
867.2
828.1
804.7
1507.8
687.5
648.4
625.0
593.8
585.9
585.9
609.4
640.6
882.8
867.2
882.8
914.1
960.9
898.4
828.1
773.4
718.8
679.7
656.2
648.4
656.2
648.4
640.6
601.6
609.4
593.8
617.2
609.4
640.6
632.8
648.4
945.3
960.9
921.9
820.3
789.1
742.2
710.9
664.1
632.8
625.0
601.6
609.4
601.6
609.4
625.0
648.4
734.4
960.9
484.4
1210.9
882.8
890.6
835.9
820.3
804.7
773.4
726.6
695.3
671.9
664.1
648.4
640.6
648.4
671.9
890.6
929.7
960.9
960.9
937.5
898.4
859.4
820.3
757.8
703.1
671.9
656.2
632.8
625.0
625.0
484.4
1023.4
710.9
718.8
679.7
882.8
875.0
835.9
812.5
781.2
726.6
703.1
679.7
656.2
640.6
617.2
609.4
609.4
609.4
625.0
617.2
648.4
671.9
953.1
882.8
820.3
789.1
757.8
1437.5
640.6
609.4
593.8
578.1
570.3
593.8
1468.8
664.1
671.9
710.9
781.2
921.9
992.2
1703.1
843.8
718.8
671.9
656.2
640.6
625.0
671.9
875.0
882.8
898.4
898.4
953.1
1015.6
976.6
968.8
898.4
796.9
726.6
703.1
671.9
632.8
1343.8
632.8
625.0
617.2
1671.9
531.2
1070.3
796.9
734.4
695.3
664.1
671.9
625.0
710.9
703.1
695.3
710.9
726.6
781.2
648.4
1031.2
906.2
914.1
890.6
