1132.8
1117.2
1062.5
1046.9
1070.3
1078.1
1171.9
1171.9
1148.4
1187.5
1093.8
1125.0
1210.9
1203.1
1257.8
1187.5
1132.8
1062.5
1125.0
1000.0
984.4
914.1
921.9
1085.9
1023.4
1062.5
1078.1
1054.7
1015.6
1023.4
1031.2
1132.8
1179.7
1148.4
1156.2
1117.2
1164.1
1085.9
1164.1
1242.2
1914.1
1023.4
1039.1
1429.7
1468.8
1320.3
1281.2
2062.5
1281.2
1937.5
1359.4
1421.9
1234.4
1476.6
1554.7
1445.3
1414.1
1437.5
1335.9
1390.6
1539.1
1429.7
1453.1
1187.5
1109.4
1445.3
1484.4
1390.6
1343.8
1414.1
1445.3
1484.4
1601.6
1570.3
1554.7
1562.5
1500.0
1484.4
1593.8
1382.8
1398.4
1351.6
1312.5
1343.8
1437.5
1312.5
1414.1
1429.7
1593.8
1468.8
1601.6
1460.9
1296.9
1335.9
1367.2
1406.2
1437.5
1320.3
1164.1
1484.4
1437.5
1453.1
1429.7
1437.5
1421.9
1445.3
1429.7
1460.9
1429.7
1414.1
1390.6
1390.6
1445.3
1421.9
1382.8
1429.7
1437.5
1250.0
1289.1
1382.8
1187.5
1210.9
1070.3
1054.7
1085.9
945.3
1007.8
1031.2
1054.7
1046.9
1148.4
1171.9
1148.4
1140.6
1125.0
1023.4
898.4
921.9
1125.0
1125.0
1171.9
1156.2
1085.9
1226.6
1242.2
1343.8
1296.9
1210.9
1343.8
1226.6
1273.4
1335.9
1289.1
2023.4
1242.2
1359.4
1468.8
1492.2
1460.9
1476.6
1460.9
1359.4
1359.4
1359.4
1398.4
1359.4
1312.5
1343.8
1304.7
1375.0
1343.8
1398.4
1343.8
1359.4
1414.1
1375.0
1406.2
1304.7
1328.1
1343.8
1343.8
1328.1
1250.0
1304.7
1976.6
1257.8
1335.9
1390.6
1539.1
1437.5
1437.5
1335.9
1398.4
1460.9
1468.8
1500.0
1515.6
1468.8
1593.8
1523.4
1468.8
1468.8
1429.7
1437.5
1429.7
1492.2
1421.9
1382.8
1203.1
1398.4
1429.7
1539.1
1437.5
1406.2
1382.8
1515.6
1359.4
1500.0
1375.0
1437.5
1429.7
1460.9
1515.6
1429.7
1500.0
1414.1
1359.4
1531.2
1578.1
1515.6
1375.0
1257.8
1218.8
1148.4
1171.9
1226.6
1218.8
1257.8
1210.9
1046.9
1132.8
984.4
960.9
1039.1
1085.9
1031.2
2250.0
1265.6
1218.8
1171.9
1289.1
1265.6
1984.4
1250.0
1218.8
1421.9
1531.2
1507.8
1265.6
1289.1
1507.8
1375.0
1351.6
1414.1
1335.9
1398.4
1421.9
1343.8
1398.4
1359.4
1445.3
1398.4
1437.5
1460.9
1468.8
1609.4
1437.5
1531.2
1492.2
1507.8
1523.4
1414.1
1578.1
1531.2
1476.6
1562.5
1500.0
1593.8
1507.8
1539.1
1500.0
1484.4
1570.3
1484.4
1453.1
1539.1
1484.4
1445.3
1539.1
1398.4
1351.6
1484.4
1375.0
1507.8
1414.1
1421.9
1367.2
1484.4
1421.9
1414.1
1476.6
1523.4
1546.9
1523.4
1484.4
1523.4
1484.4
1578.1
1531.2
1492.2
1468.8
1460.9
1500.0
1484.4
1507.8
1468.8
1515.6
1406.2
1437.5
1429.7
1359.4
2031.2
1281.2
1390.6
1367.2
1468.8
1296.9
1289.1
1687.5
1476.6
1414.1
1398.4
1429.7
1382.8
1320.3
1359.4
1375.0
1398.4
1476.6
1460.9
1414.1
1429.7
1476.6
1437.5
1476.6
1421.9
1320.3
1468.8
1398.4
1359.4
1437.5
1289.1
1421.9
1476.6
1437.5
1578.1
1421.9
1421.9
1421.9
1296.9
1304.7
1195.3
1156.2
1054.7
984.4
914.1
1046.9
968.8
976.6
1000.0
2625.0
1140.6
1132.8
1070.3
1000.0
984.4
1226.6
1296.9
1320.3
1296.9
1328.1
1328.1
1281.2
1296.9
1367.2
1382.8
1335.9
1273.4
1218.8
1265.6
1226.6
1265.6
1257.8
1171.9
1265.6
1906.2
1171.9
1093.8
1023.4
1156.2
1343.8
1992.2
1257.8
1296.9
1273.4
2109.4
1281.2
1359.4
1437.5
1468.8
1539.1
1507.8
1515.6
1484.4
1507.8
1585.9
1507.8
1562.5
1546.9
1523.4
1453.1
1460.9
1562.5
1492.2
1523.4
1351.6
1421.9
1507.8
1539.1
1476.6
1468.8
1507.8
1523.4
